0 2 0.5
0 3 0.5
0 4 0.5
0 7 0.5
0 8 0.5
0 12 0.5
0 14 0.5
0 23 0.5
0 26 0.5
0 29 0.5
0 33 0.5
0 36 0.5
0 39 0.5
0 55 0.5
0 57 0.5
0 60 0.5
0 98 0.5
0 100 0.5
0 124 0.5
0 125 0.5
0 134 0.5
0 138 0.5
0 139 0.5
0 144 0.5
0 147 0.5
1 2 0.5
1 3 0.5
1 4 0.5
1 5 0.5
1 8 0.5
1 9 0.5
1 10 0.5
1 17 0.5
1 18 0.5
1 26 0.5
1 27 0.5
1 34 0.5
1 40 0.5
1 42 0.5
1 43 0.5
1 44 0.5
1 48 0.5
1 59 0.5
1 60 0.5
1 63 0.5
1 64 0.5
1 67 0.5
1 73 0.5
1 76 0.5
1 81 0.5
1 84 0.5
1 91 0.5
1 92 0.5
1 95 0.5
1 104 0.5
1 106 0.5
1 110 0.5
1 114 0.5
1 123 0.5
1 130 0.5
1 138 0.5
1 146 0.5
2 5 0.5
2 6 0.5
2 7 0.5
2 9 0.5
2 11 0.5
2 13 0.5
2 16 0.5
2 20 0.5
2 23 0.5
2 27 0.5
2 28 0.5
2 31 0.5
2 35 0.5
2 50 0.5
2 77 0.5
2 87 0.5
2 101 0.5
2 131 0.5
2 141 0.5
2 142 0.5
3 28 0.5
3 144 0.5
4 6 0.5
4 14 0.5
4 18 0.5
4 74 0.5
4 82 0.5
4 102 0.5
4 105 0.5
4 115 0.5
4 149 0.5
5 61 0.5
6 24 0.5
6 37 0.5
6 46 0.5
7 10 0.5
7 15 0.5
7 20 0.5
7 22 0.5
7 33 0.5
7 37 0.5
7 42 0.5
7 53 0.5
7 58 0.5
7 83 0.5
8 16 0.5
8 29 0.5
8 66 0.5
8 111 0.5
9 11 0.5
9 30 0.5
9 32 0.5
9 83 0.5
9 105 0.5
10 13 0.5
10 70 0.5
10 73 0.5
11 12 0.5
11 17 0.5
11 21 0.5
11 52 0.5
11 77 0.5
11 103 0.5
11 147 0.5
11 148 0.5
11 149 0.5
12 15 0.5
12 25 0.5
12 35 0.5
12 40 0.5
12 54 0.5
12 93 0.5
12 108 0.5
12 112 0.5
13 53 0.5
13 65 0.5
14 41 0.5
14 55 0.5
14 61 0.5
14 135 0.5
15 19 0.5
15 34 0.5
15 47 0.5
15 58 0.5
15 72 0.5
15 75 0.5
15 87 0.5
15 90 0.5
15 99 0.5
15 101 0.5
15 108 0.5
15 142 0.5
16 111 0.5
17 19 0.5
17 145 0.5
18 52 0.5
18 93 0.5
19 21 0.5
19 38 0.5
19 45 0.5
19 56 0.5
19 82 0.5
19 95 0.5
19 107 0.5
19 131 0.5
19 136 0.5
20 22 0.5
20 24 0.5
20 25 0.5
20 63 0.5
20 94 0.5
20 117 0.5
21 39 0.5
21 54 0.5
21 71 0.5
21 114 0.5
22 115 0.5
22 132 0.5
23 32 0.5
24 36 0.5
24 44 0.5
24 67 0.5
24 85 0.5
24 88 0.5
24 130 0.5
25 38 0.5
25 65 0.5
25 78 0.5
25 116 0.5
26 30 0.5
26 59 0.5
26 139 0.5
27 45 0.5
28 50 0.5
28 98 0.5
28 127 0.5
30 31 0.5
30 48 0.5
30 68 0.5
30 117 0.5
30 124 0.5
31 113 0.5
32 120 0.5
32 123 0.5
34 41 0.5
34 56 0.5
34 57 0.5
34 79 0.5
34 86 0.5
34 92 0.5
35 51 0.5
35 70 0.5
35 81 0.5
35 113 0.5
35 116 0.5
35 122 0.5
36 121 0.5
37 49 0.5
38 86 0.5
40 128 0.5
41 43 0.5
41 79 0.5
42 46 0.5
42 106 0.5
43 125 0.5
43 137 0.5
43 143 0.5
44 62 0.5
44 94 0.5
45 51 0.5
45 69 0.5
45 88 0.5
45 121 0.5
45 133 0.5
46 47 0.5
48 49 0.5
48 69 0.5
48 76 0.5
48 80 0.5
48 84 0.5
48 91 0.5
48 126 0.5
48 129 0.5
48 145 0.5
48 146 0.5
50 68 0.5
50 78 0.5
50 96 0.5
50 97 0.5
50 107 0.5
51 64 0.5
52 71 0.5
52 104 0.5
52 119 0.5
53 74 0.5
53 97 0.5
53 129 0.5
55 62 0.5
56 72 0.5
57 90 0.5
57 118 0.5
57 128 0.5
58 66 0.5
58 89 0.5
60 102 0.5
60 110 0.5
62 132 0.5
66 89 0.5
70 96 0.5
70 140 0.5
73 135 0.5
74 75 0.5
74 100 0.5
74 140 0.5
75 133 0.5
78 80 0.5
80 85 0.5
81 103 0.5
82 141 0.5
84 120 0.5
85 109 0.5
89 99 0.5
90 118 0.5
92 109 0.5
94 122 0.5
95 134 0.5
96 126 0.5
98 119 0.5
107 112 0.5
120 143 0.5
122 136 0.5
126 127 0.5
133 137 0.5
135 148 0.5
