0 2 0.5
0 4 0.5
0 5 0.5
0 8 0.5
0 9 0.5
0 10 0.5
0 13 0.5
0 17 0.5
0 21 0.5
0 22 0.5
0 39 0.5
0 42 0.5
0 48 0.5
0 53 0.5
0 61 0.5
0 74 0.5
0 77 0.5
0 88 0.5
0 90 0.5
0 94 0.5
0 109 0.5
0 112 0.5
0 115 0.5
0 117 0.5
0 134 0.5
0 137 0.5
0 157 0.5
0 164 0.5
0 178 0.5
0 183 0.5
0 195 0.5
0 205 0.5
0 211 0.5
0 225 0.5
0 241 0.5
0 268 0.5
0 283 0.5
0 289 0.5
0 290 0.5
0 291 0.5
0 295 0.5
0 310 0.5
0 322 0.5
0 336 0.5
0 369 0.5
0 429 0.5
0 436 0.5
0 448 0.5
0 466 0.5
0 467 0.5
0 494 0.5
0 526 0.5
0 581 0.5
0 609 0.5
0 638 0.5
0 685 0.5
0 705 0.5
0 717 0.5
0 784 0.5
0 801 0.5
0 840 0.5
0 860 0.5
0 888 0.5
0 896 0.5
0 907 0.5
0 951 0.5
1 2 0.5
1 3 0.5
1 6 0.5
1 7 0.5
1 11 0.5
1 14 0.5
1 19 0.5
1 21 0.5
1 29 0.5
1 31 0.5
1 35 0.5
1 38 0.5
1 44 0.5
1 45 0.5
1 54 0.5
1 56 0.5
1 57 0.5
1 64 0.5
1 76 0.5
1 97 0.5
1 113 0.5
1 125 0.5
1 141 0.5
1 170 0.5
1 191 0.5
1 207 0.5
1 223 0.5
1 289 0.5
1 317 0.5
1 345 0.5
1 354 0.5
1 366 0.5
1 380 0.5
1 385 0.5
1 396 0.5
1 438 0.5
1 516 0.5
1 524 0.5
1 593 0.5
1 625 0.5
1 633 0.5
1 656 0.5
1 729 0.5
1 743 0.5
1 766 0.5
1 805 0.5
1 847 0.5
1 856 0.5
1 858 0.5
1 883 0.5
1 925 0.5
1 976 0.5
1 997 0.5
2 3 0.5
2 5 0.5
2 10 0.5
2 12 0.5
2 14 0.5
2 32 0.5
2 52 0.5
2 64 0.5
2 65 0.5
2 149 0.5
2 160 0.5
2 165 0.5
2 204 0.5
2 244 0.5
2 248 0.5
2 272 0.5
2 389 0.5
2 449 0.5
2 457 0.5
2 463 0.5
2 475 0.5
2 549 0.5
2 578 0.5
2 734 0.5
2 972 0.5
3 4 0.5
3 7 0.5
3 25 0.5
3 29 0.5
3 34 0.5
3 35 0.5
3 44 0.5
3 51 0.5
3 62 0.5
3 74 0.5
3 78 0.5
3 83 0.5
3 121 0.5
3 124 0.5
3 135 0.5
3 182 0.5
3 186 0.5
3 200 0.5
3 213 0.5
3 217 0.5
3 221 0.5
3 222 0.5
3 252 0.5
3 293 0.5
3 299 0.5
3 309 0.5
3 336 0.5
3 337 0.5
3 341 0.5
3 360 0.5
3 413 0.5
3 437 0.5
3 457 0.5
3 476 0.5
3 503 0.5
3 566 0.5
3 657 0.5
3 710 0.5
3 842 0.5
3 844 0.5
3 896 0.5
3 925 0.5
4 6 0.5
4 8 0.5
4 9 0.5
4 13 0.5
4 15 0.5
4 18 0.5
4 19 0.5
4 23 0.5
4 25 0.5
4 26 0.5
4 27 0.5
4 28 0.5
4 33 0.5
4 36 0.5
4 40 0.5
4 58 0.5
4 69 0.5
4 78 0.5
4 86 0.5
4 91 0.5
4 96 0.5
4 110 0.5
4 116 0.5
4 119 0.5
4 120 0.5
4 123 0.5
4 125 0.5
4 127 0.5
4 133 0.5
4 144 0.5
4 150 0.5
4 163 0.5
4 164 0.5
4 173 0.5
4 190 0.5
4 193 0.5
4 201 0.5
4 212 0.5
4 214 0.5
4 230 0.5
4 232 0.5
4 242 0.5
4 249 0.5
4 250 0.5
4 267 0.5
4 297 0.5
4 305 0.5
4 313 0.5
4 320 0.5
4 332 0.5
4 334 0.5
4 342 0.5
4 373 0.5
4 374 0.5
4 409 0.5
4 426 0.5
4 439 0.5
4 444 0.5
4 452 0.5
4 462 0.5
4 471 0.5
4 477 0.5
4 496 0.5
4 518 0.5
4 563 0.5
4 566 0.5
4 579 0.5
4 582 0.5
4 606 0.5
4 622 0.5
4 623 0.5
4 648 0.5
4 660 0.5
4 661 0.5
4 673 0.5
4 682 0.5
4 695 0.5
4 697 0.5
4 702 0.5
4 718 0.5
4 745 0.5
4 754 0.5
4 763 0.5
4 813 0.5
4 840 0.5
4 841 0.5
4 920 0.5
4 946 0.5
4 948 0.5
4 952 0.5
4 970 0.5
4 971 0.5
4 979 0.5
5 24 0.5
5 45 0.5
5 67 0.5
5 72 0.5
5 118 0.5
5 195 0.5
5 240 0.5
5 393 0.5
5 559 0.5
5 565 0.5
5 641 0.5
5 676 0.5
5 817 0.5
5 818 0.5
5 863 0.5
5 921 0.5
6 103 0.5
6 169 0.5
6 520 0.5
6 620 0.5
6 693 0.5
6 754 0.5
6 791 0.5
6 802 0.5
6 965 0.5
6 986 0.5
7 16 0.5
7 34 0.5
7 67 0.5
7 104 0.5
7 136 0.5
7 138 0.5
7 198 0.5
7 288 0.5
7 298 0.5
7 871 0.5
7 928 0.5
8 20 0.5
8 28 0.5
8 38 0.5
8 41 0.5
8 82 0.5
8 85 0.5
8 123 0.5
8 126 0.5
8 158 0.5
8 161 0.5
8 194 0.5
8 236 0.5
8 292 0.5
8 298 0.5
8 308 0.5
8 321 0.5
8 325 0.5
8 410 0.5
8 484 0.5
8 497 0.5
8 572 0.5
8 600 0.5
8 643 0.5
8 697 0.5
8 768 0.5
8 778 0.5
8 857 0.5
8 982 0.5
8 999 0.5
9 22 0.5
9 31 0.5
9 36 0.5
9 40 0.5
9 48 0.5
9 51 0.5
9 56 0.5
9 59 0.5
9 85 0.5
9 89 0.5
9 95 0.5
9 102 0.5
9 107 0.5
9 120 0.5
9 168 0.5
9 187 0.5
9 256 0.5
9 291 0.5
9 304 0.5
9 387 0.5
9 403 0.5
9 469 0.5
9 531 0.5
9 752 0.5
9 791 0.5
9 796 0.5
9 806 0.5
9 938 0.5
9 964 0.5
9 975 0.5
10 11 0.5
10 20 0.5
10 30 0.5
10 71 0.5
10 170 0.5
10 171 0.5
10 244 0.5
10 264 0.5
10 339 0.5
10 391 0.5
10 537 0.5
10 779 0.5
10 886 0.5
11 12 0.5
11 17 0.5
11 23 0.5
11 26 0.5
11 32 0.5
11 33 0.5
11 41 0.5
11 50 0.5
11 66 0.5
11 108 0.5
11 163 0.5
11 174 0.5
11 184 0.5
11 187 0.5
11 218 0.5
11 236 0.5
11 241 0.5
11 263 0.5
11 270 0.5
11 271 0.5
11 286 0.5
11 329 0.5
11 335 0.5
11 357 0.5
11 406 0.5
11 482 0.5
11 491 0.5
11 494 0.5
11 504 0.5
11 514 0.5
11 652 0.5
11 691 0.5
11 738 0.5
11 740 0.5
11 790 0.5
11 906 0.5
12 79 0.5
12 185 0.5
12 200 0.5
12 216 0.5
12 359 0.5
12 493 0.5
12 496 0.5
12 548 0.5
12 640 0.5
12 930 0.5
12 959 0.5
12 991 0.5
13 15 0.5
13 18 0.5
13 43 0.5
13 79 0.5
13 104 0.5
13 122 0.5
13 161 0.5
13 229 0.5
13 376 0.5
13 378 0.5
13 508 0.5
13 607 0.5
13 769 0.5
13 776 0.5
13 839 0.5
13 875 0.5
14 58 0.5
14 65 0.5
14 75 0.5
14 167 0.5
14 352 0.5
14 379 0.5
14 389 0.5
14 453 0.5
14 474 0.5
14 778 0.5
14 836 0.5
15 16 0.5
15 37 0.5
15 43 0.5
15 46 0.5
15 118 0.5
15 139 0.5
15 202 0.5
15 274 0.5
15 300 0.5
15 368 0.5
15 472 0.5
15 622 0.5
15 932 0.5
16 218 0.5
16 265 0.5
16 314 0.5
16 538 0.5
16 658 0.5
16 924 0.5
17 81 0.5
17 326 0.5
17 369 0.5
17 716 0.5
17 902 0.5
17 967 0.5
18 24 0.5
18 52 0.5
18 93 0.5
18 102 0.5
18 152 0.5
18 158 0.5
18 197 0.5
18 199 0.5
18 256 0.5
18 260 0.5
18 294 0.5
18 357 0.5
18 456 0.5
18 458 0.5
18 741 0.5
19 39 0.5
19 138 0.5
19 162 0.5
19 173 0.5
19 177 0.5
19 179 0.5
19 464 0.5
19 528 0.5
19 536 0.5
19 548 0.5
19 684 0.5
19 885 0.5
19 994 0.5
20 66 0.5
20 540 0.5
20 907 0.5
21 69 0.5
21 188 0.5
21 572 0.5
21 687 0.5
21 865 0.5
22 60 0.5
22 257 0.5
22 683 0.5
23 266 0.5
23 282 0.5
23 296 0.5
24 27 0.5
24 30 0.5
24 49 0.5
24 126 0.5
24 129 0.5
24 215 0.5
24 274 0.5
24 514 0.5
25 70 0.5
25 140 0.5
25 203 0.5
25 302 0.5
25 314 0.5
25 381 0.5
25 396 0.5
25 501 0.5
25 658 0.5
25 822 0.5
26 375 0.5
26 515 0.5
26 593 0.5
27 454 0.5
27 976 0.5
28 37 0.5
28 47 0.5
28 124 0.5
28 175 0.5
28 260 0.5
28 386 0.5
29 49 0.5
29 62 0.5
29 70 0.5
29 146 0.5
29 149 0.5
29 155 0.5
29 249 0.5
29 413 0.5
29 417 0.5
29 454 0.5
29 544 0.5
29 576 0.5
29 651 0.5
29 743 0.5
29 891 0.5
29 933 0.5
30 42 0.5
30 53 0.5
30 60 0.5
30 75 0.5
30 86 0.5
30 87 0.5
30 101 0.5
30 143 0.5
30 165 0.5
30 167 0.5
30 169 0.5
30 205 0.5
30 251 0.5
30 278 0.5
30 284 0.5
30 307 0.5
30 337 0.5
30 344 0.5
30 411 0.5
30 429 0.5
30 480 0.5
30 543 0.5
30 595 0.5
30 710 0.5
30 995 0.5
31 114 0.5
31 132 0.5
31 303 0.5
31 423 0.5
31 675 0.5
31 691 0.5
32 98 0.5
32 99 0.5
32 135 0.5
32 147 0.5
32 156 0.5
32 355 0.5
32 432 0.5
32 507 0.5
32 687 0.5
33 46 0.5
33 47 0.5
33 63 0.5
33 68 0.5
33 87 0.5
33 100 0.5
33 136 0.5
33 151 0.5
33 184 0.5
33 196 0.5
33 407 0.5
33 440 0.5
33 481 0.5
33 490 0.5
33 539 0.5
33 582 0.5
33 873 0.5
33 898 0.5
34 844 0.5
35 57 0.5
35 59 0.5
35 83 0.5
35 91 0.5
35 391 0.5
35 458 0.5
35 478 0.5
35 716 0.5
35 862 0.5
35 948 0.5
36 849 0.5
38 55 0.5
38 103 0.5
38 192 0.5
38 380 0.5
38 392 0.5
38 545 0.5
38 639 0.5
38 989 0.5
39 946 0.5
40 50 0.5
40 55 0.5
40 61 0.5
40 98 0.5
40 109 0.5
40 127 0.5
40 130 0.5
40 139 0.5
40 224 0.5
40 286 0.5
40 322 0.5
40 371 0.5
40 427 0.5
40 451 0.5
40 551 0.5
40 573 0.5
40 674 0.5
40 815 0.5
40 926 0.5
40 952 0.5
41 73 0.5
41 111 0.5
41 153 0.5
41 154 0.5
41 220 0.5
41 235 0.5
41 510 0.5
41 604 0.5
41 831 0.5
42 319 0.5
42 575 0.5
42 960 0.5
43 378 0.5
43 532 0.5
43 762 0.5
45 94 0.5
45 159 0.5
45 166 0.5
45 179 0.5
45 223 0.5
45 248 0.5
45 359 0.5
45 442 0.5
45 533 0.5
45 546 0.5
45 598 0.5
46 72 0.5
46 73 0.5
46 129 0.5
46 186 0.5
46 258 0.5
46 569 0.5
46 689 0.5
48 121 0.5
48 168 0.5
48 181 0.5
48 621 0.5
48 888 0.5
49 54 0.5
49 106 0.5
49 202 0.5
49 206 0.5
49 306 0.5
49 402 0.5
49 500 0.5
49 506 0.5
49 512 0.5
49 605 0.5
49 756 0.5
49 795 0.5
49 800 0.5
49 965 0.5
50 63 0.5
50 92 0.5
50 105 0.5
50 151 0.5
50 172 0.5
50 273 0.5
50 340 0.5
50 347 0.5
50 418 0.5
50 424 0.5
50 762 0.5
50 765 0.5
50 789 0.5
50 843 0.5
50 899 0.5
50 949 0.5
51 100 0.5
51 152 0.5
51 194 0.5
51 261 0.5
51 297 0.5
51 299 0.5
51 352 0.5
51 360 0.5
51 490 0.5
51 635 0.5
51 707 0.5
51 782 0.5
51 837 0.5
51 932 0.5
52 96 0.5
52 108 0.5
52 217 0.5
52 227 0.5
52 275 0.5
52 384 0.5
52 620 0.5
52 654 0.5
52 665 0.5
52 819 0.5
52 927 0.5
53 71 0.5
53 77 0.5
53 106 0.5
53 147 0.5
53 171 0.5
53 220 0.5
53 280 0.5
53 381 0.5
53 450 0.5
53 468 0.5
53 571 0.5
53 578 0.5
53 583 0.5
53 591 0.5
53 602 0.5
53 755 0.5
53 773 0.5
53 827 0.5
54 700 0.5
54 783 0.5
55 68 0.5
55 90 0.5
55 101 0.5
55 193 0.5
55 212 0.5
55 265 0.5
55 307 0.5
55 442 0.5
55 464 0.5
55 576 0.5
55 675 0.5
55 683 0.5
56 201 0.5
56 958 0.5
57 80 0.5
57 82 0.5
57 128 0.5
57 144 0.5
57 148 0.5
57 156 0.5
57 315 0.5
57 331 0.5
57 363 0.5
57 435 0.5
57 644 0.5
57 652 0.5
57 758 0.5
57 764 0.5
57 866 0.5
58 142 0.5
58 266 0.5
58 525 0.5
58 677 0.5
58 973 0.5
59 89 0.5
59 820 0.5
60 439 0.5
60 594 0.5
61 237 0.5
61 397 0.5
61 500 0.5
61 590 0.5
61 870 0.5
62 285 0.5
62 419 0.5
62 905 0.5
63 92 0.5
63 233 0.5
63 349 0.5
63 460 0.5
63 608 0.5
64 370 0.5
64 374 0.5
64 655 0.5
64 926 0.5
65 128 0.5
65 346 0.5
65 364 0.5
65 913 0.5
66 253 0.5
67 84 0.5
67 154 0.5
67 166 0.5
67 226 0.5
67 335 0.5
67 412 0.5
67 495 0.5
67 541 0.5
67 617 0.5
67 879 0.5
67 900 0.5
67 978 0.5
68 131 0.5
68 468 0.5
69 76 0.5
69 105 0.5
69 148 0.5
69 197 0.5
69 254 0.5
69 318 0.5
69 398 0.5
69 456 0.5
69 461 0.5
69 637 0.5
69 823 0.5
70 84 0.5
70 190 0.5
70 284 0.5
70 507 0.5
70 552 0.5
70 688 0.5
70 839 0.5
71 93 0.5
71 97 0.5
71 112 0.5
71 233 0.5
71 250 0.5
71 771 0.5
71 788 0.5
71 995 0.5
72 88 0.5
72 276 0.5
72 705 0.5
72 980 0.5
73 235 0.5
73 338 0.5
73 348 0.5
73 474 0.5
73 589 0.5
73 599 0.5
74 133 0.5
74 178 0.5
74 221 0.5
74 467 0.5
74 564 0.5
75 631 0.5
76 99 0.5
76 172 0.5
76 246 0.5
76 402 0.5
76 785 0.5
77 95 0.5
77 113 0.5
77 142 0.5
77 203 0.5
77 328 0.5
77 415 0.5
77 421 0.5
77 455 0.5
77 484 0.5
77 612 0.5
77 632 0.5
77 733 0.5
77 863 0.5
77 945 0.5
78 356 0.5
78 428 0.5
78 712 0.5
79 80 0.5
79 199 0.5
79 279 0.5
79 354 0.5
79 636 0.5
79 650 0.5
79 653 0.5
79 709 0.5
79 742 0.5
79 767 0.5
79 816 0.5
79 850 0.5
80 81 0.5
80 162 0.5
80 180 0.5
80 225 0.5
80 270 0.5
80 301 0.5
80 341 0.5
80 679 0.5
80 681 0.5
80 694 0.5
80 726 0.5
81 245 0.5
81 326 0.5
81 676 0.5
81 861 0.5
81 957 0.5
82 110 0.5
82 185 0.5
82 760 0.5
82 982 0.5
82 992 0.5
83 117 0.5
83 478 0.5
84 320 0.5
84 394 0.5
84 397 0.5
84 433 0.5
84 673 0.5
84 692 0.5
84 833 0.5
84 949 0.5
85 302 0.5
85 333 0.5
85 382 0.5
87 408 0.5
88 980 0.5
89 107 0.5
89 196 0.5
90 143 0.5
90 204 0.5
90 232 0.5
90 319 0.5
90 430 0.5
90 613 0.5
91 215 0.5
91 329 0.5
91 334 0.5
92 327 0.5
92 414 0.5
92 522 0.5
92 942 0.5
93 206 0.5
93 219 0.5
93 278 0.5
93 426 0.5
93 554 0.5
93 834 0.5
93 847 0.5
94 252 0.5
94 345 0.5
94 558 0.5
95 111 0.5
95 137 0.5
95 258 0.5
95 325 0.5
95 371 0.5
95 519 0.5
95 522 0.5
95 543 0.5
95 568 0.5
95 589 0.5
95 714 0.5
95 835 0.5
95 889 0.5
95 923 0.5
96 227 0.5
96 398 0.5
96 909 0.5
97 141 0.5
97 229 0.5
97 237 0.5
97 275 0.5
97 362 0.5
97 841 0.5
97 910 0.5
98 238 0.5
98 263 0.5
98 999 0.5
99 146 0.5
99 192 0.5
99 210 0.5
99 288 0.5
99 372 0.5
99 560 0.5
99 612 0.5
99 639 0.5
100 640 0.5
102 160 0.5
102 383 0.5
102 483 0.5
102 662 0.5
103 114 0.5
103 122 0.5
103 155 0.5
103 176 0.5
103 183 0.5
103 198 0.5
103 230 0.5
103 242 0.5
103 243 0.5
103 287 0.5
103 290 0.5
103 351 0.5
103 361 0.5
103 394 0.5
103 509 0.5
103 542 0.5
103 596 0.5
103 692 0.5
103 732 0.5
103 750 0.5
104 207 0.5
104 246 0.5
104 383 0.5
104 434 0.5
104 461 0.5
105 116 0.5
105 157 0.5
105 618 0.5
105 699 0.5
105 777 0.5
106 209 0.5
106 903 0.5
107 132 0.5
108 370 0.5
108 470 0.5
108 827 0.5
109 130 0.5
109 404 0.5
110 301 0.5
110 431 0.5
111 140 0.5
111 214 0.5
111 240 0.5
111 440 0.5
111 783 0.5
111 821 0.5
112 347 0.5
112 372 0.5
112 469 0.5
112 565 0.5
113 119 0.5
113 180 0.5
113 208 0.5
114 115 0.5
114 273 0.5
114 318 0.5
114 433 0.5
114 540 0.5
114 551 0.5
114 614 0.5
114 672 0.5
117 513 0.5
117 713 0.5
117 770 0.5
118 208 0.5
118 239 0.5
118 324 0.5
118 424 0.5
118 899 0.5
118 940 0.5
119 255 0.5
119 262 0.5
120 580 0.5
120 630 0.5
120 717 0.5
120 751 0.5
121 145 0.5
121 181 0.5
121 269 0.5
121 327 0.5
121 455 0.5
121 621 0.5
121 627 0.5
122 821 0.5
123 350 0.5
123 432 0.5
123 795 0.5
123 931 0.5
123 933 0.5
124 131 0.5
124 279 0.5
124 430 0.5
124 441 0.5
124 573 0.5
124 583 0.5
124 739 0.5
124 758 0.5
124 811 0.5
124 850 0.5
124 879 0.5
124 986 0.5
125 243 0.5
125 282 0.5
125 588 0.5
125 935 0.5
126 768 0.5
127 247 0.5
128 234 0.5
129 611 0.5
130 569 0.5
130 703 0.5
130 962 0.5
131 667 0.5
131 947 0.5
132 134 0.5
132 153 0.5
132 245 0.5
132 403 0.5
132 615 0.5
132 680 0.5
132 832 0.5
132 954 0.5
133 261 0.5
133 346 0.5
133 641 0.5
133 715 0.5
133 746 0.5
134 219 0.5
134 419 0.5
134 460 0.5
134 877 0.5
135 216 0.5
135 321 0.5
135 331 0.5
135 485 0.5
135 887 0.5
136 922 0.5
137 189 0.5
137 401 0.5
138 667 0.5
139 277 0.5
139 977 0.5
139 978 0.5
141 213 0.5
141 268 0.5
141 447 0.5
141 929 0.5
142 889 0.5
143 159 0.5
143 613 0.5
143 628 0.5
143 774 0.5
144 145 0.5
144 150 0.5
144 257 0.5
144 311 0.5
144 363 0.5
144 373 0.5
144 499 0.5
144 596 0.5
144 626 0.5
144 700 0.5
144 761 0.5
144 915 0.5
145 174 0.5
145 175 0.5
145 191 0.5
145 228 0.5
145 343 0.5
145 349 0.5
145 505 0.5
145 517 0.5
145 577 0.5
145 699 0.5
145 718 0.5
145 722 0.5
145 753 0.5
145 809 0.5
145 912 0.5
147 356 0.5
147 591 0.5
147 604 0.5
147 642 0.5
147 936 0.5
147 937 0.5
148 983 0.5
149 358 0.5
149 835 0.5
150 188 0.5
150 211 0.5
150 262 0.5
150 323 0.5
150 351 0.5
150 393 0.5
150 418 0.5
151 355 0.5
151 603 0.5
151 608 0.5
152 287 0.5
152 486 0.5
152 799 0.5
153 224 0.5
153 303 0.5
153 438 0.5
153 532 0.5
153 690 0.5
153 756 0.5
153 921 0.5
155 176 0.5
155 708 0.5
156 647 0.5
157 527 0.5
157 985 0.5
159 251 0.5
159 560 0.5
159 623 0.5
159 657 0.5
160 376 0.5
160 894 0.5
161 317 0.5
162 434 0.5
162 816 0.5
162 939 0.5
163 505 0.5
163 730 0.5
163 905 0.5
165 447 0.5
167 358 0.5
168 295 0.5
168 316 0.5
168 451 0.5
168 958 0.5
169 915 0.5
170 993 0.5
171 296 0.5
171 518 0.5
171 529 0.5
171 574 0.5
171 818 0.5
171 862 0.5
172 588 0.5
173 177 0.5
173 330 0.5
173 392 0.5
173 485 0.5
173 875 0.5
174 228 0.5
174 343 0.5
174 619 0.5
175 182 0.5
175 189 0.5
175 226 0.5
175 281 0.5
175 408 0.5
175 459 0.5
175 592 0.5
175 601 0.5
176 209 0.5
176 293 0.5
176 328 0.5
176 525 0.5
176 595 0.5
176 723 0.5
176 801 0.5
177 627 0.5
180 774 0.5
181 231 0.5
181 255 0.5
181 365 0.5
181 492 0.5
181 586 0.5
181 668 0.5
181 721 0.5
181 940 0.5
181 975 0.5
181 984 0.5
183 362 0.5
183 541 0.5
183 579 0.5
185 277 0.5
185 348 0.5
185 902 0.5
186 239 0.5
186 571 0.5
186 736 0.5
188 884 0.5
188 966 0.5
190 744 0.5
191 712 0.5
192 305 0.5
192 342 0.5
192 757 0.5
192 934 0.5
193 807 0.5
193 890 0.5
194 222 0.5
194 367 0.5
194 417 0.5
195 210 0.5
195 416 0.5
195 479 0.5
195 734 0.5
198 680 0.5
199 704 0.5
199 991 0.5
200 281 0.5
200 890 0.5
201 312 0.5
201 323 0.5
201 324 0.5
201 386 0.5
201 585 0.5
201 775 0.5
201 786 0.5
201 874 0.5
201 941 0.5
202 624 0.5
203 405 0.5
203 465 0.5
204 561 0.5
204 770 0.5
206 401 0.5
207 388 0.5
207 422 0.5
207 557 0.5
207 686 0.5
208 310 0.5
208 944 0.5
209 810 0.5
210 267 0.5
210 300 0.5
211 253 0.5
211 259 0.5
211 272 0.5
211 377 0.5
211 479 0.5
211 547 0.5
211 798 0.5
211 904 0.5
211 977 0.5
212 501 0.5
212 803 0.5
212 852 0.5
212 961 0.5
213 555 0.5
215 531 0.5
215 546 0.5
215 773 0.5
217 231 0.5
217 285 0.5
217 304 0.5
217 425 0.5
217 542 0.5
218 780 0.5
218 846 0.5
219 234 0.5
219 493 0.5
219 981 0.5
220 365 0.5
220 390 0.5
220 486 0.5
220 880 0.5
222 526 0.5
223 906 0.5
225 577 0.5
226 311 0.5
227 353 0.5
227 656 0.5
228 364 0.5
228 395 0.5
228 898 0.5
229 452 0.5
229 831 0.5
230 787 0.5
230 972 0.5
232 504 0.5
233 724 0.5
233 772 0.5
233 782 0.5
233 917 0.5
234 238 0.5
234 395 0.5
235 338 0.5
235 894 0.5
237 339 0.5
237 387 0.5
237 415 0.5
237 615 0.5
237 649 0.5
238 269 0.5
238 563 0.5
239 445 0.5
239 713 0.5
240 309 0.5
240 534 0.5
241 254 0.5
241 626 0.5
242 271 0.5
242 382 0.5
242 441 0.5
243 592 0.5
243 628 0.5
243 663 0.5
244 463 0.5
244 472 0.5
245 264 0.5
246 247 0.5
246 446 0.5
246 568 0.5
249 344 0.5
249 867 0.5
250 366 0.5
250 618 0.5
250 745 0.5
251 420 0.5
251 481 0.5
252 379 0.5
252 466 0.5
252 521 0.5
252 939 0.5
253 316 0.5
253 564 0.5
254 737 0.5
255 280 0.5
256 519 0.5
257 259 0.5
257 283 0.5
257 332 0.5
257 499 0.5
257 535 0.5
257 552 0.5
257 580 0.5
257 645 0.5
257 872 0.5
257 994 0.5
259 385 0.5
259 405 0.5
259 534 0.5
259 614 0.5
260 523 0.5
261 292 0.5
261 407 0.5
261 524 0.5
261 590 0.5
261 785 0.5
262 587 0.5
262 601 0.5
262 685 0.5
263 276 0.5
263 375 0.5
263 634 0.5
263 637 0.5
263 881 0.5
264 410 0.5
264 776 0.5
264 813 0.5
265 421 0.5
265 728 0.5
266 508 0.5
266 561 0.5
267 445 0.5
267 659 0.5
267 666 0.5
268 450 0.5
268 669 0.5
268 707 0.5
268 829 0.5
268 911 0.5
268 929 0.5
269 308 0.5
269 575 0.5
269 715 0.5
269 753 0.5
269 815 0.5
269 838 0.5
270 446 0.5
270 681 0.5
270 784 0.5
271 535 0.5
271 648 0.5
271 825 0.5
272 807 0.5
273 340 0.5
273 427 0.5
273 539 0.5
274 517 0.5
276 368 0.5
276 536 0.5
276 616 0.5
276 919 0.5
277 312 0.5
277 961 0.5
278 864 0.5
278 941 0.5
278 964 0.5
279 723 0.5
279 755 0.5
280 350 0.5
281 423 0.5
281 550 0.5
282 556 0.5
282 742 0.5
283 449 0.5
283 488 0.5
284 306 0.5
284 400 0.5
284 480 0.5
284 760 0.5
284 794 0.5
284 996 0.5
286 294 0.5
286 377 0.5
286 686 0.5
287 722 0.5
287 867 0.5
287 895 0.5
289 425 0.5
289 624 0.5
290 471 0.5
290 520 0.5
290 646 0.5
290 891 0.5
291 538 0.5
291 629 0.5
292 367 0.5
295 444 0.5
296 832 0.5
297 313 0.5
297 315 0.5
297 498 0.5
297 747 0.5
297 793 0.5
297 959 0.5
298 390 0.5
298 600 0.5
298 630 0.5
299 643 0.5
300 333 0.5
300 599 0.5
301 483 0.5
301 714 0.5
302 550 0.5
302 696 0.5
303 448 0.5
303 459 0.5
304 693 0.5
305 404 0.5
306 353 0.5
306 605 0.5
306 665 0.5
308 330 0.5
308 384 0.5
308 574 0.5
309 414 0.5
309 506 0.5
310 682 0.5
311 852 0.5
312 786 0.5
312 792 0.5
313 793 0.5
313 887 0.5
313 936 0.5
316 465 0.5
317 997 0.5
318 895 0.5
322 567 0.5
324 388 0.5
324 400 0.5
324 416 0.5
326 553 0.5
326 670 0.5
326 797 0.5
328 528 0.5
329 420 0.5
329 746 0.5
329 851 0.5
330 610 0.5
331 553 0.5
332 436 0.5
332 966 0.5
335 732 0.5
336 757 0.5
337 412 0.5
337 772 0.5
339 361 0.5
339 489 0.5
339 779 0.5
339 848 0.5
340 814 0.5
341 399 0.5
341 606 0.5
341 794 0.5
344 411 0.5
344 719 0.5
345 562 0.5
345 885 0.5
346 489 0.5
346 587 0.5
346 736 0.5
347 422 0.5
348 567 0.5
348 763 0.5
348 838 0.5
350 662 0.5
350 823 0.5
351 864 0.5
352 634 0.5
352 837 0.5
353 409 0.5
353 739 0.5
353 944 0.5
353 985 0.5
354 399 0.5
354 487 0.5
354 498 0.5
357 406 0.5
358 735 0.5
359 854 0.5
360 607 0.5
361 996 0.5
362 749 0.5
365 668 0.5
365 690 0.5
365 947 0.5
366 491 0.5
369 443 0.5
369 462 0.5
369 487 0.5
369 497 0.5
369 625 0.5
369 726 0.5
369 738 0.5
369 945 0.5
370 502 0.5
371 554 0.5
372 829 0.5
373 435 0.5
373 704 0.5
376 953 0.5
377 557 0.5
377 653 0.5
378 510 0.5
378 598 0.5
378 678 0.5
380 437 0.5
380 473 0.5
380 777 0.5
380 968 0.5
381 470 0.5
381 956 0.5
382 848 0.5
383 581 0.5
383 669 0.5
384 701 0.5
387 509 0.5
387 804 0.5
387 923 0.5
388 443 0.5
388 511 0.5
388 547 0.5
388 616 0.5
388 808 0.5
388 987 0.5
389 453 0.5
390 711 0.5
392 677 0.5
392 766 0.5
394 750 0.5
395 502 0.5
395 853 0.5
395 935 0.5
396 431 0.5
396 562 0.5
397 809 0.5
398 527 0.5
398 860 0.5
399 428 0.5
399 533 0.5
399 585 0.5
399 853 0.5
401 556 0.5
401 650 0.5
402 482 0.5
403 671 0.5
403 744 0.5
405 984 0.5
406 473 0.5
410 737 0.5
413 642 0.5
413 644 0.5
414 719 0.5
414 963 0.5
415 725 0.5
416 558 0.5
416 943 0.5
420 651 0.5
420 752 0.5
420 859 0.5
424 684 0.5
424 901 0.5
426 670 0.5
427 549 0.5
428 530 0.5
429 661 0.5
430 584 0.5
430 678 0.5
432 544 0.5
432 858 0.5
433 709 0.5
433 998 0.5
435 826 0.5
436 909 0.5
436 910 0.5
436 998 0.5
440 876 0.5
441 830 0.5
441 843 0.5
441 868 0.5
442 694 0.5
443 545 0.5
443 584 0.5
443 655 0.5
445 477 0.5
445 659 0.5
445 666 0.5
445 720 0.5
447 788 0.5
448 901 0.5
449 488 0.5
450 797 0.5
451 586 0.5
454 475 0.5
454 492 0.5
454 912 0.5
454 937 0.5
454 954 0.5
456 903 0.5
457 513 0.5
457 619 0.5
457 764 0.5
459 570 0.5
459 597 0.5
462 512 0.5
464 521 0.5
466 515 0.5
466 660 0.5
466 956 0.5
467 725 0.5
468 721 0.5
471 476 0.5
472 825 0.5
473 516 0.5
473 559 0.5
473 597 0.5
473 664 0.5
473 674 0.5
473 731 0.5
473 751 0.5
477 629 0.5
477 663 0.5
477 938 0.5
479 632 0.5
479 799 0.5
480 733 0.5
481 845 0.5
482 787 0.5
482 971 0.5
483 969 0.5
487 610 0.5
487 775 0.5
487 790 0.5
488 609 0.5
488 698 0.5
488 824 0.5
492 495 0.5
497 511 0.5
497 796 0.5
497 893 0.5
497 969 0.5
499 503 0.5
499 537 0.5
499 849 0.5
500 631 0.5
500 671 0.5
500 884 0.5
504 800 0.5
504 919 0.5
505 646 0.5
505 856 0.5
508 523 0.5
509 871 0.5
511 731 0.5
514 922 0.5
516 529 0.5
516 635 0.5
516 735 0.5
516 771 0.5
517 806 0.5
517 990 0.5
519 892 0.5
521 702 0.5
521 824 0.5
522 555 0.5
522 594 0.5
522 855 0.5
523 530 0.5
523 727 0.5
523 828 0.5
523 833 0.5
523 988 0.5
524 570 0.5
524 826 0.5
526 638 0.5
528 649 0.5
530 749 0.5
531 820 0.5
531 916 0.5
532 740 0.5
540 767 0.5
540 990 0.5
544 636 0.5
544 892 0.5
545 701 0.5
547 810 0.5
547 851 0.5
549 695 0.5
549 869 0.5
550 780 0.5
554 822 0.5
554 877 0.5
554 974 0.5
556 654 0.5
558 893 0.5
558 931 0.5
559 603 0.5
559 955 0.5
560 730 0.5
562 781 0.5
564 878 0.5
564 897 0.5
569 679 0.5
570 602 0.5
570 633 0.5
570 664 0.5
570 689 0.5
570 904 0.5
570 934 0.5
572 908 0.5
573 989 0.5
575 729 0.5
581 706 0.5
581 747 0.5
582 987 0.5
583 727 0.5
587 708 0.5
591 617 0.5
594 720 0.5
595 645 0.5
597 611 0.5
598 696 0.5
598 988 0.5
600 811 0.5
605 808 0.5
610 688 0.5
612 706 0.5
614 759 0.5
616 672 0.5
616 698 0.5
618 950 0.5
619 955 0.5
626 798 0.5
626 918 0.5
627 748 0.5
628 993 0.5
629 781 0.5
632 769 0.5
633 647 0.5
633 861 0.5
633 865 0.5
635 859 0.5
636 724 0.5
637 900 0.5
642 711 0.5
643 834 0.5
645 728 0.5
655 930 0.5
657 914 0.5
665 703 0.5
670 828 0.5
671 878 0.5
674 874 0.5
675 846 0.5
676 845 0.5
678 759 0.5
678 830 0.5
679 761 0.5
679 817 0.5
679 869 0.5
679 881 0.5
680 803 0.5
684 812 0.5
692 981 0.5
693 802 0.5
693 970 0.5
696 741 0.5
698 805 0.5
701 914 0.5
701 927 0.5
705 836 0.5
711 792 0.5
711 855 0.5
718 963 0.5
720 960 0.5
724 748 0.5
728 908 0.5
729 917 0.5
731 857 0.5
731 883 0.5
737 854 0.5
746 882 0.5
748 804 0.5
750 819 0.5
750 918 0.5
751 789 0.5
751 812 0.5
751 842 0.5
752 913 0.5
759 957 0.5
762 765 0.5
764 928 0.5
764 983 0.5
772 814 0.5
773 992 0.5
775 870 0.5
781 873 0.5
791 880 0.5
793 942 0.5
795 973 0.5
800 897 0.5
805 868 0.5
806 924 0.5
809 886 0.5
816 916 0.5
818 876 0.5
821 866 0.5
829 911 0.5
833 872 0.5
834 943 0.5
846 882 0.5
893 951 0.5
893 962 0.5
915 920 0.5
922 950 0.5
932 974 0.5
939 968 0.5
948 953 0.5
960 967 0.5
971 979 0.5
