0 2 0.5
0 3 0.5
0 7 0.5
0 10 0.5
0 11 0.5
0 15 0.5
0 32 0.5
0 34 0.5
0 42 0.5
0 44 0.5
0 49 0.5
0 74 0.5
0 102 0.5
0 114 0.5
0 120 0.5
0 124 0.5
0 142 0.5
0 146 0.5
0 150 0.5
0 155 0.5
0 160 0.5
0 191 0.5
1 2 0.5
1 6 0.5
1 14 0.5
1 17 0.5
1 18 0.5
1 26 0.5
1 27 0.5
1 65 0.5
1 73 0.5
1 83 0.5
1 95 0.5
1 103 0.5
1 110 0.5
1 128 0.5
1 140 0.5
1 151 0.5
1 153 0.5
1 159 0.5
2 3 0.5
2 4 0.5
2 6 0.5
2 7 0.5
2 9 0.5
2 11 0.5
2 13 0.5
2 38 0.5
2 43 0.5
2 46 0.5
2 51 0.5
2 58 0.5
2 59 0.5
2 63 0.5
2 64 0.5
2 70 0.5
2 87 0.5
2 94 0.5
2 107 0.5
2 117 0.5
2 119 0.5
2 188 0.5
2 198 0.5
3 4 0.5
3 5 0.5
3 8 0.5
3 12 0.5
3 13 0.5
3 17 0.5
3 19 0.5
3 36 0.5
3 41 0.5
3 57 0.5
3 75 0.5
3 87 0.5
3 89 0.5
3 111 0.5
3 118 0.5
3 126 0.5
3 134 0.5
3 148 0.5
3 164 0.5
3 170 0.5
3 179 0.5
4 5 0.5
4 12 0.5
4 16 0.5
4 21 0.5
4 32 0.5
4 33 0.5
4 48 0.5
4 56 0.5
4 128 0.5
4 147 0.5
4 155 0.5
4 171 0.5
4 178 0.5
4 194 0.5
5 9 0.5
5 14 0.5
5 15 0.5
5 24 0.5
5 28 0.5
5 39 0.5
5 47 0.5
5 60 0.5
5 61 0.5
5 80 0.5
5 82 0.5
5 106 0.5
5 113 0.5
5 158 0.5
5 175 0.5
5 182 0.5
5 183 0.5
5 189 0.5
5 192 0.5
6 38 0.5
6 119 0.5
7 8 0.5
7 22 0.5
7 24 0.5
7 25 0.5
7 34 0.5
7 58 0.5
7 61 0.5
7 83 0.5
7 84 0.5
7 91 0.5
7 97 0.5
7 125 0.5
7 130 0.5
7 176 0.5
7 187 0.5
8 23 0.5
8 46 0.5
8 47 0.5
8 63 0.5
8 66 0.5
8 109 0.5
8 133 0.5
8 149 0.5
9 10 0.5
9 51 0.5
9 79 0.5
9 93 0.5
9 121 0.5
9 122 0.5
9 133 0.5
9 143 0.5
9 152 0.5
10 16 0.5
10 21 0.5
10 69 0.5
10 116 0.5
10 123 0.5
10 132 0.5
11 76 0.5
12 30 0.5
13 35 0.5
13 39 0.5
13 40 0.5
13 104 0.5
13 137 0.5
13 152 0.5
13 165 0.5
14 18 0.5
14 26 0.5
14 147 0.5
15 20 0.5
15 23 0.5
15 37 0.5
15 48 0.5
15 181 0.5
16 50 0.5
16 140 0.5
16 154 0.5
16 186 0.5
16 195 0.5
17 27 0.5
17 29 0.5
17 35 0.5
17 36 0.5
17 52 0.5
17 55 0.5
17 62 0.5
17 88 0.5
17 138 0.5
18 19 0.5
18 20 0.5
18 22 0.5
18 25 0.5
18 31 0.5
18 40 0.5
18 45 0.5
18 53 0.5
18 54 0.5
18 71 0.5
18 107 0.5
18 127 0.5
18 142 0.5
18 144 0.5
18 189 0.5
19 52 0.5
20 30 0.5
20 33 0.5
20 96 0.5
20 136 0.5
20 175 0.5
20 194 0.5
21 136 0.5
21 170 0.5
22 50 0.5
22 105 0.5
22 123 0.5
23 28 0.5
23 29 0.5
23 72 0.5
23 98 0.5
23 137 0.5
23 141 0.5
23 166 0.5
23 197 0.5
24 60 0.5
24 79 0.5
24 103 0.5
24 108 0.5
24 157 0.5
25 43 0.5
27 163 0.5
28 56 0.5
28 109 0.5
28 153 0.5
28 156 0.5
29 53 0.5
29 99 0.5
29 100 0.5
29 139 0.5
29 166 0.5
30 31 0.5
30 41 0.5
30 45 0.5
30 65 0.5
30 92 0.5
30 105 0.5
30 162 0.5
32 37 0.5
32 64 0.5
32 181 0.5
32 199 0.5
35 42 0.5
35 44 0.5
35 62 0.5
35 68 0.5
35 73 0.5
35 90 0.5
35 98 0.5
35 104 0.5
35 124 0.5
35 127 0.5
36 55 0.5
36 110 0.5
37 85 0.5
39 120 0.5
39 149 0.5
39 186 0.5
40 57 0.5
40 190 0.5
41 54 0.5
42 49 0.5
42 66 0.5
42 77 0.5
42 90 0.5
42 130 0.5
43 97 0.5
43 112 0.5
44 81 0.5
44 96 0.5
45 77 0.5
45 131 0.5
45 157 0.5
45 159 0.5
45 191 0.5
46 70 0.5
46 71 0.5
46 75 0.5
46 85 0.5
46 148 0.5
46 196 0.5
47 74 0.5
47 86 0.5
47 143 0.5
47 158 0.5
48 69 0.5
48 78 0.5
48 113 0.5
48 168 0.5
49 169 0.5
50 84 0.5
50 126 0.5
51 68 0.5
51 72 0.5
51 89 0.5
51 106 0.5
52 59 0.5
53 168 0.5
54 122 0.5
54 139 0.5
55 67 0.5
56 100 0.5
57 67 0.5
60 145 0.5
61 184 0.5
62 86 0.5
62 173 0.5
63 117 0.5
63 129 0.5
65 76 0.5
66 99 0.5
66 171 0.5
67 80 0.5
67 112 0.5
67 167 0.5
67 192 0.5
68 81 0.5
69 78 0.5
69 154 0.5
69 180 0.5
72 88 0.5
73 172 0.5
75 101 0.5
75 169 0.5
79 108 0.5
80 82 0.5
80 114 0.5
80 150 0.5
81 118 0.5
82 141 0.5
83 91 0.5
83 135 0.5
83 156 0.5
83 172 0.5
84 95 0.5
84 164 0.5
84 187 0.5
86 92 0.5
86 144 0.5
87 116 0.5
87 165 0.5
89 160 0.5
90 94 0.5
90 121 0.5
91 93 0.5
91 102 0.5
91 111 0.5
91 115 0.5
91 177 0.5
91 199 0.5
93 115 0.5
93 134 0.5
93 138 0.5
96 185 0.5
99 101 0.5
102 129 0.5
103 178 0.5
105 125 0.5
109 176 0.5
110 161 0.5
115 180 0.5
115 190 0.5
117 163 0.5
120 132 0.5
120 151 0.5
123 162 0.5
124 193 0.5
124 196 0.5
127 146 0.5
130 131 0.5
131 135 0.5
131 174 0.5
131 197 0.5
132 185 0.5
136 183 0.5
140 173 0.5
140 182 0.5
141 174 0.5
143 145 0.5
143 161 0.5
143 179 0.5
144 167 0.5
145 195 0.5
151 177 0.5
152 184 0.5
172 198 0.5
185 188 0.5
189 193 0.5
