0 2 0.5
0 4 0.5
0 6 0.5
0 9 0.5
0 11 0.5
0 12 0.5
0 13 0.5
0 15 0.5
0 16 0.5
0 17 0.5
0 20 0.5
0 30 0.5
0 31 0.5
0 32 0.5
0 34 0.5
0 40 0.5
0 44 0.5
0 45 0.5
0 47 0.5
0 51 0.5
0 54 0.5
0 55 0.5
0 68 0.5
0 70 0.5
0 71 0.5
0 84 0.5
0 94 0.5
0 99 0.5
0 104 0.5
0 109 0.5
0 124 0.5
0 129 0.5
0 135 0.5
0 137 0.5
0 143 0.5
0 144 0.5
0 152 0.5
0 156 0.5
0 172 0.5
0 174 0.5
0 186 0.5
0 197 0.5
1 2 0.5
1 3 0.5
1 10 0.5
1 11 0.5
1 23 0.5
1 53 0.5
1 73 0.5
1 106 0.5
1 114 0.5
1 148 0.5
1 195 0.5
2 3 0.5
2 5 0.5
2 9 0.5
2 10 0.5
2 13 0.5
2 25 0.5
2 36 0.5
2 37 0.5
2 40 0.5
2 64 0.5
2 93 0.5
2 98 0.5
2 100 0.5
2 103 0.5
2 107 0.5
2 172 0.5
2 173 0.5
2 186 0.5
2 197 0.5
3 4 0.5
3 5 0.5
3 14 0.5
3 33 0.5
3 41 0.5
3 133 0.5
3 145 0.5
3 162 0.5
3 183 0.5
4 6 0.5
4 8 0.5
4 15 0.5
4 19 0.5
4 28 0.5
4 35 0.5
4 47 0.5
4 63 0.5
4 89 0.5
4 105 0.5
4 112 0.5
4 160 0.5
4 161 0.5
5 7 0.5
5 18 0.5
5 37 0.5
6 7 0.5
6 8 0.5
6 35 0.5
6 50 0.5
6 60 0.5
6 64 0.5
6 74 0.5
6 75 0.5
6 80 0.5
6 82 0.5
6 107 0.5
6 124 0.5
6 126 0.5
6 139 0.5
6 189 0.5
7 18 0.5
7 21 0.5
7 32 0.5
7 75 0.5
7 90 0.5
7 196 0.5
8 161 0.5
9 12 0.5
9 21 0.5
9 22 0.5
9 43 0.5
9 81 0.5
9 88 0.5
10 14 0.5
10 17 0.5
10 41 0.5
10 49 0.5
11 29 0.5
11 39 0.5
11 61 0.5
11 66 0.5
11 136 0.5
11 150 0.5
12 16 0.5
12 20 0.5
12 24 0.5
12 27 0.5
12 76 0.5
12 111 0.5
12 113 0.5
12 116 0.5
12 128 0.5
12 154 0.5
12 182 0.5
12 199 0.5
13 31 0.5
13 34 0.5
13 46 0.5
13 109 0.5
13 118 0.5
13 119 0.5
13 122 0.5
13 145 0.5
14 33 0.5
14 43 0.5
14 49 0.5
14 52 0.5
14 78 0.5
14 86 0.5
14 88 0.5
14 102 0.5
14 130 0.5
15 101 0.5
16 19 0.5
16 24 0.5
16 42 0.5
16 51 0.5
16 69 0.5
16 82 0.5
16 110 0.5
16 155 0.5
16 175 0.5
16 189 0.5
17 66 0.5
17 134 0.5
18 22 0.5
18 154 0.5
19 25 0.5
19 30 0.5
19 58 0.5
19 77 0.5
19 81 0.5
19 83 0.5
19 105 0.5
19 167 0.5
20 26 0.5
20 27 0.5
20 39 0.5
20 50 0.5
20 56 0.5
20 159 0.5
20 195 0.5
21 23 0.5
21 60 0.5
21 79 0.5
21 86 0.5
23 26 0.5
23 28 0.5
23 29 0.5
23 44 0.5
23 114 0.5
24 53 0.5
24 149 0.5
24 168 0.5
25 169 0.5
26 46 0.5
26 110 0.5
26 138 0.5
26 149 0.5
26 173 0.5
26 191 0.5
27 42 0.5
27 48 0.5
27 61 0.5
27 65 0.5
27 115 0.5
27 125 0.5
28 55 0.5
28 71 0.5
28 72 0.5
28 77 0.5
28 115 0.5
28 117 0.5
28 121 0.5
28 134 0.5
28 146 0.5
28 151 0.5
28 178 0.5
29 165 0.5
29 171 0.5
30 38 0.5
30 58 0.5
30 63 0.5
30 76 0.5
30 93 0.5
30 108 0.5
30 118 0.5
30 150 0.5
30 180 0.5
30 185 0.5
31 62 0.5
31 79 0.5
31 91 0.5
31 120 0.5
31 129 0.5
31 153 0.5
31 191 0.5
32 38 0.5
32 59 0.5
32 67 0.5
32 83 0.5
32 90 0.5
32 102 0.5
32 113 0.5
32 131 0.5
32 152 0.5
32 190 0.5
32 194 0.5
32 198 0.5
33 116 0.5
33 158 0.5
33 162 0.5
33 170 0.5
34 45 0.5
34 132 0.5
35 36 0.5
35 48 0.5
35 87 0.5
35 92 0.5
35 120 0.5
37 52 0.5
37 57 0.5
37 69 0.5
37 72 0.5
37 123 0.5
39 121 0.5
40 54 0.5
40 122 0.5
40 159 0.5
42 95 0.5
42 97 0.5
42 166 0.5
43 78 0.5
44 67 0.5
44 146 0.5
44 193 0.5
46 68 0.5
47 84 0.5
48 56 0.5
48 89 0.5
49 96 0.5
50 140 0.5
50 141 0.5
51 85 0.5
51 139 0.5
51 184 0.5
52 59 0.5
52 62 0.5
52 133 0.5
52 153 0.5
55 57 0.5
55 95 0.5
55 126 0.5
55 130 0.5
55 147 0.5
57 70 0.5
57 108 0.5
57 111 0.5
57 131 0.5
57 176 0.5
58 177 0.5
59 92 0.5
59 112 0.5
59 174 0.5
60 85 0.5
61 119 0.5
63 65 0.5
63 74 0.5
65 157 0.5
65 199 0.5
66 185 0.5
66 188 0.5
69 192 0.5
71 99 0.5
72 73 0.5
73 87 0.5
73 96 0.5
73 123 0.5
73 142 0.5
73 176 0.5
74 80 0.5
74 91 0.5
74 160 0.5
75 127 0.5
76 182 0.5
77 142 0.5
77 143 0.5
77 183 0.5
78 97 0.5
79 164 0.5
80 128 0.5
83 157 0.5
84 125 0.5
84 135 0.5
86 148 0.5
87 164 0.5
89 94 0.5
89 170 0.5
89 187 0.5
90 104 0.5
93 151 0.5
94 196 0.5
95 103 0.5
95 117 0.5
95 177 0.5
96 98 0.5
96 101 0.5
96 106 0.5
97 132 0.5
97 168 0.5
98 100 0.5
98 141 0.5
99 167 0.5
106 127 0.5
106 187 0.5
109 140 0.5
111 137 0.5
111 169 0.5
113 158 0.5
116 138 0.5
116 190 0.5
117 156 0.5
118 175 0.5
122 163 0.5
123 198 0.5
125 180 0.5
126 165 0.5
127 136 0.5
129 144 0.5
131 166 0.5
134 193 0.5
136 147 0.5
137 155 0.5
139 181 0.5
139 184 0.5
139 194 0.5
145 163 0.5
145 179 0.5
147 192 0.5
153 178 0.5
165 171 0.5
170 181 0.5
174 179 0.5
180 188 0.5
