0 2 0.5
0 3 0.5
0 5 0.5
0 6 0.5
0 7 0.5
0 9 0.5
0 13 0.5
0 14 0.5
0 15 0.5
0 16 0.5
0 21 0.5
0 22 0.5
0 27 0.5
0 31 0.5
0 39 0.5
0 40 0.5
0 43 0.5
0 45 0.5
0 46 0.5
0 52 0.5
0 54 0.5
0 87 0.5
0 94 0.5
0 115 0.5
0 134 0.5
0 143 0.5
0 148 0.5
0 157 0.5
0 160 0.5
0 167 0.5
0 191 0.5
0 196 0.5
0 198 0.5
0 211 0.5
0 239 0.5
0 264 0.5
0 270 0.5
0 271 0.5
0 296 0.5
0 311 0.5
0 427 0.5
0 429 0.5
0 439 0.5
0 456 0.5
0 459 0.5
0 479 0.5
0 499 0.5
0 501 0.5
0 588 0.5
0 616 0.5
0 681 0.5
0 689 0.5
0 695 0.5
0 714 0.5
0 720 0.5
0 743 0.5
0 752 0.5
0 754 0.5
0 756 0.5
0 772 0.5
0 819 0.5
0 853 0.5
0 871 0.5
0 878 0.5
0 883 0.5
0 904 0.5
0 931 0.5
0 995 0.5
0 1025 0.5
0 1048 0.5
0 1052 0.5
0 1157 0.5
0 1162 0.5
0 1190 0.5
0 1204 0.5
0 1207 0.5
0 1237 0.5
0 1249 0.5
0 1312 0.5
0 1332 0.5
0 1391 0.5
0 1412 0.5
0 1417 0.5
0 1468 0.5
0 1512 0.5
0 1559 0.5
0 1588 0.5
0 1641 0.5
0 1732 0.5
0 1763 0.5
0 1778 0.5
0 1811 0.5
0 1820 0.5
0 1879 0.5
0 1886 0.5
0 1891 0.5
0 1922 0.5
0 1945 0.5
0 1949 0.5
0 1955 0.5
1 2 0.5
1 25 0.5
1 100 0.5
1 152 0.5
1 964 0.5
1 1788 0.5
2 3 0.5
2 4 0.5
2 10 0.5
2 11 0.5
2 14 0.5
2 19 0.5
2 22 0.5
2 24 0.5
2 29 0.5
2 31 0.5
2 33 0.5
2 38 0.5
2 59 0.5
2 63 0.5
2 70 0.5
2 74 0.5
2 78 0.5
2 80 0.5
2 86 0.5
2 90 0.5
2 102 0.5
2 103 0.5
2 119 0.5
2 124 0.5
2 133 0.5
2 137 0.5
2 145 0.5
2 152 0.5
2 155 0.5
2 158 0.5
2 170 0.5
2 181 0.5
2 225 0.5
2 242 0.5
2 245 0.5
2 253 0.5
2 286 0.5
2 294 0.5
2 299 0.5
2 311 0.5
2 346 0.5
2 362 0.5
2 368 0.5
2 392 0.5
2 441 0.5
2 450 0.5
2 458 0.5
2 489 0.5
2 513 0.5
2 517 0.5
2 549 0.5
2 568 0.5
2 574 0.5
2 576 0.5
2 582 0.5
2 640 0.5
2 644 0.5
2 681 0.5
2 689 0.5
2 712 0.5
2 717 0.5
2 719 0.5
2 723 0.5
2 740 0.5
2 784 0.5
2 842 0.5
2 853 0.5
2 861 0.5
2 866 0.5
2 873 0.5
2 874 0.5
2 879 0.5
2 888 0.5
2 895 0.5
2 930 0.5
2 960 0.5
2 982 0.5
2 1009 0.5
2 1013 0.5
2 1019 0.5
2 1066 0.5
2 1078 0.5
2 1085 0.5
2 1180 0.5
2 1182 0.5
2 1183 0.5
2 1204 0.5
2 1223 0.5
2 1295 0.5
2 1296 0.5
2 1310 0.5
2 1425 0.5
2 1437 0.5
2 1492 0.5
2 1516 0.5
2 1584 0.5
2 1668 0.5
2 1675 0.5
2 1747 0.5
2 1768 0.5
2 1806 0.5
2 1828 0.5
2 1834 0.5
2 1846 0.5
2 1950 0.5
2 1952 0.5
2 1953 0.5
2 1963 0.5
2 1996 0.5
2 1997 0.5
3 4 0.5
3 6 0.5
3 20 0.5
3 41 0.5
3 47 0.5
3 58 0.5
3 62 0.5
3 77 0.5
3 101 0.5
3 106 0.5
3 149 0.5
3 178 0.5
3 179 0.5
3 187 0.5
3 204 0.5
3 264 0.5
3 330 0.5
3 402 0.5
3 496 0.5
3 518 0.5
3 573 0.5
3 609 0.5
3 617 0.5
3 721 0.5
3 775 0.5
3 776 0.5
3 779 0.5
3 825 0.5
3 831 0.5
3 1018 0.5
3 1117 0.5
3 1129 0.5
3 1251 0.5
3 1432 0.5
3 1505 0.5
3 1604 0.5
3 1628 0.5
3 1724 0.5
3 1866 0.5
3 1887 0.5
3 1958 0.5
4 5 0.5
4 7 0.5
4 8 0.5
4 9 0.5
4 12 0.5
4 20 0.5
4 24 0.5
4 28 0.5
4 30 0.5
4 36 0.5
4 37 0.5
4 44 0.5
4 47 0.5
4 48 0.5
4 50 0.5
4 55 0.5
4 58 0.5
4 59 0.5
4 68 0.5
4 91 0.5
4 95 0.5
4 112 0.5
4 139 0.5
4 145 0.5
4 146 0.5
4 149 0.5
4 166 0.5
4 190 0.5
4 217 0.5
4 219 0.5
4 243 0.5
4 245 0.5
4 269 0.5
4 281 0.5
4 304 0.5
4 313 0.5
4 325 0.5
4 341 0.5
4 352 0.5
4 385 0.5
4 390 0.5
4 394 0.5
4 396 0.5
4 408 0.5
4 437 0.5
4 449 0.5
4 474 0.5
4 476 0.5
4 482 0.5
4 536 0.5
4 539 0.5
4 542 0.5
4 581 0.5
4 586 0.5
4 648 0.5
4 653 0.5
4 664 0.5
4 697 0.5
4 723 0.5
4 747 0.5
4 759 0.5
4 793 0.5
4 806 0.5
4 808 0.5
4 809 0.5
4 817 0.5
4 830 0.5
4 869 0.5
4 882 0.5
4 886 0.5
4 957 0.5
4 963 0.5
4 977 0.5
4 1083 0.5
4 1120 0.5
4 1137 0.5
4 1152 0.5
4 1211 0.5
4 1298 0.5
4 1305 0.5
4 1325 0.5
4 1390 0.5
4 1403 0.5
4 1478 0.5
4 1568 0.5
4 1609 0.5
4 1621 0.5
4 1632 0.5
4 1644 0.5
4 1683 0.5
4 1736 0.5
4 1737 0.5
4 1767 0.5
4 1781 0.5
4 1796 0.5
4 1799 0.5
4 1821 0.5
4 1876 0.5
4 1899 0.5
4 1908 0.5
4 1961 0.5
5 11 0.5
5 17 0.5
5 28 0.5
5 37 0.5
5 38 0.5
5 91 0.5
5 128 0.5
5 129 0.5
5 143 0.5
5 155 0.5
5 161 0.5
5 190 0.5
5 241 0.5
5 242 0.5
5 260 0.5
5 269 0.5
5 308 0.5
5 312 0.5
5 412 0.5
5 434 0.5
5 465 0.5
5 490 0.5
5 528 0.5
5 567 0.5
5 577 0.5
5 599 0.5
5 611 0.5
5 630 0.5
5 733 0.5
5 864 0.5
5 880 0.5
5 913 0.5
5 943 0.5
5 950 0.5
5 954 0.5
5 974 0.5
5 1054 0.5
5 1177 0.5
5 1402 0.5
5 1422 0.5
5 1445 0.5
5 1535 0.5
5 1544 0.5
5 1792 0.5
5 1911 0.5
5 1970 0.5
6 1606 0.5
7 8 0.5
7 10 0.5
7 12 0.5
7 13 0.5
7 23 0.5
7 62 0.5
7 66 0.5
7 74 0.5
7 77 0.5
7 105 0.5
7 114 0.5
7 163 0.5
7 174 0.5
7 207 0.5
7 252 0.5
7 504 0.5
7 561 0.5
7 603 0.5
7 618 0.5
7 625 0.5
7 692 0.5
7 822 0.5
7 934 0.5
7 1050 0.5
7 1084 0.5
7 1263 0.5
7 1305 0.5
7 1414 0.5
7 1430 0.5
7 1438 0.5
7 1494 0.5
7 1616 0.5
7 1745 0.5
7 1777 0.5
8 16 0.5
8 21 0.5
8 26 0.5
8 33 0.5
8 51 0.5
8 55 0.5
8 57 0.5
8 67 0.5
8 75 0.5
8 100 0.5
8 115 0.5
8 125 0.5
8 127 0.5
8 159 0.5
8 183 0.5
8 192 0.5
8 208 0.5
8 249 0.5
8 278 0.5
8 279 0.5
8 287 0.5
8 290 0.5
8 293 0.5
8 354 0.5
8 425 0.5
8 446 0.5
8 484 0.5
8 507 0.5
8 535 0.5
8 573 0.5
8 577 0.5
8 610 0.5
8 645 0.5
8 667 0.5
8 705 0.5
8 760 0.5
8 799 0.5
8 818 0.5
8 848 0.5
8 899 0.5
8 994 0.5
8 1045 0.5
8 1072 0.5
8 1104 0.5
8 1147 0.5
8 1191 0.5
8 1227 0.5
8 1230 0.5
8 1275 0.5
8 1316 0.5
8 1438 0.5
8 1539 0.5
8 1602 0.5
8 1696 0.5
8 1744 0.5
8 1933 0.5
9 23 0.5
9 144 0.5
9 1013 0.5
10 17 0.5
10 26 0.5
10 36 0.5
10 41 0.5
10 57 0.5
10 61 0.5
10 73 0.5
10 75 0.5
10 83 0.5
10 123 0.5
10 132 0.5
10 156 0.5
10 179 0.5
10 196 0.5
10 197 0.5
10 236 0.5
10 337 0.5
10 399 0.5
10 421 0.5
10 422 0.5
10 571 0.5
10 579 0.5
10 646 0.5
10 716 0.5
10 803 0.5
10 805 0.5
10 857 0.5
10 918 0.5
10 1053 0.5
10 1063 0.5
10 1098 0.5
10 1161 0.5
10 1208 0.5
10 1216 0.5
10 1462 0.5
10 1525 0.5
10 1993 0.5
11 15 0.5
11 18 0.5
11 32 0.5
11 35 0.5
11 53 0.5
11 64 0.5
11 65 0.5
11 78 0.5
11 85 0.5
11 221 0.5
11 223 0.5
11 266 0.5
11 329 0.5
11 351 0.5
11 354 0.5
11 391 0.5
11 392 0.5
11 403 0.5
11 408 0.5
11 519 0.5
11 524 0.5
11 556 0.5
11 662 0.5
11 684 0.5
11 687 0.5
11 691 0.5
11 922 0.5
11 1142 0.5
11 1205 0.5
11 1334 0.5
11 1352 0.5
11 1355 0.5
11 1419 0.5
11 1757 0.5
12 19 0.5
12 25 0.5
12 32 0.5
12 44 0.5
12 83 0.5
12 292 0.5
12 303 0.5
12 451 0.5
12 461 0.5
12 555 0.5
12 703 0.5
12 876 0.5
12 1663 0.5
13 18 0.5
13 347 0.5
13 353 0.5
13 371 0.5
13 373 0.5
13 426 0.5
13 493 0.5
13 549 0.5
13 1164 0.5
13 1374 0.5
13 1457 0.5
13 1852 0.5
13 1907 0.5
14 69 0.5
14 128 0.5
14 131 0.5
14 169 0.5
14 255 0.5
14 308 0.5
14 436 0.5
14 582 0.5
14 793 0.5
14 866 0.5
14 930 0.5
14 1379 0.5
14 1424 0.5
14 1496 0.5
14 1546 0.5
14 1719 0.5
14 1983 0.5
15 34 0.5
15 67 0.5
15 93 0.5
15 150 0.5
15 359 0.5
15 520 0.5
15 571 0.5
15 607 0.5
15 805 0.5
16 65 0.5
16 110 0.5
16 173 0.5
16 178 0.5
16 192 0.5
16 217 0.5
16 398 0.5
16 411 0.5
16 473 0.5
16 480 0.5
16 657 0.5
16 884 0.5
16 1080 0.5
16 1171 0.5
16 1635 0.5
16 1716 0.5
17 30 0.5
17 202 0.5
17 206 0.5
17 254 0.5
17 334 0.5
17 339 0.5
17 676 0.5
17 710 0.5
17 803 0.5
17 816 0.5
17 868 0.5
17 1022 0.5
17 1728 0.5
17 1910 0.5
18 29 0.5
18 72 0.5
18 316 0.5
18 440 0.5
18 529 0.5
18 587 0.5
18 626 0.5
18 1843 0.5
19 43 0.5
19 347 0.5
19 992 0.5
19 1083 0.5
19 1228 0.5
19 1721 0.5
19 1835 0.5
20 35 0.5
20 96 0.5
20 113 0.5
20 125 0.5
20 141 0.5
20 188 0.5
20 300 0.5
20 305 0.5
20 417 0.5
20 461 0.5
20 483 0.5
20 501 0.5
20 598 0.5
20 643 0.5
20 1487 0.5
20 1649 0.5
21 34 0.5
21 48 0.5
21 93 0.5
21 136 0.5
21 326 0.5
21 499 0.5
21 620 0.5
21 754 0.5
21 806 0.5
21 1350 0.5
21 1527 0.5
21 1589 0.5
22 27 0.5
22 50 0.5
22 81 0.5
22 126 0.5
22 151 0.5
22 154 0.5
22 246 0.5
22 252 0.5
22 263 0.5
22 303 0.5
22 336 0.5
22 465 0.5
22 534 0.5
22 555 0.5
22 606 0.5
22 613 0.5
22 662 0.5
22 683 0.5
22 890 0.5
22 1094 0.5
22 1163 0.5
22 1470 0.5
22 1881 0.5
23 56 0.5
23 96 0.5
23 164 0.5
23 232 0.5
23 251 0.5
23 290 0.5
23 402 0.5
23 457 0.5
23 776 0.5
23 944 0.5
23 1115 0.5
23 1340 0.5
23 1587 0.5
23 1713 0.5
23 1984 0.5
24 88 0.5
24 259 0.5
24 370 0.5
24 850 0.5
24 977 0.5
24 1042 0.5
24 1093 0.5
24 1366 0.5
24 1679 0.5
24 1785 0.5
24 1895 0.5
24 1962 0.5
25 158 0.5
25 362 0.5
26 39 0.5
26 40 0.5
26 42 0.5
26 79 0.5
26 121 0.5
26 135 0.5
26 172 0.5
26 307 0.5
26 309 0.5
26 414 0.5
26 507 0.5
26 653 0.5
26 732 0.5
26 912 0.5
26 1634 0.5
26 1789 0.5
26 1829 0.5
27 51 0.5
27 89 0.5
27 118 0.5
27 193 0.5
27 327 0.5
27 433 0.5
27 673 0.5
27 1047 0.5
27 1419 0.5
27 1468 0.5
27 1481 0.5
27 1848 0.5
27 1914 0.5
28 56 0.5
28 66 0.5
28 72 0.5
28 99 0.5
28 169 0.5
28 272 0.5
28 296 0.5
28 349 0.5
28 565 0.5
28 628 0.5
28 669 0.5
28 679 0.5
28 796 0.5
28 827 0.5
28 909 0.5
28 936 0.5
28 1192 0.5
28 1365 0.5
29 114 0.5
29 117 0.5
29 126 0.5
29 213 0.5
29 672 0.5
29 1111 0.5
29 1329 0.5
30 42 0.5
30 53 0.5
30 88 0.5
30 104 0.5
30 161 0.5
30 168 0.5
30 172 0.5
30 207 0.5
30 229 0.5
30 289 0.5
30 293 0.5
30 307 0.5
30 479 0.5
30 491 0.5
30 512 0.5
30 848 0.5
30 951 0.5
30 1153 0.5
30 1165 0.5
30 1545 0.5
30 1772 0.5
30 1885 0.5
31 76 0.5
31 81 0.5
31 82 0.5
31 85 0.5
31 98 0.5
31 130 0.5
31 147 0.5
31 282 0.5
31 288 0.5
31 299 0.5
31 317 0.5
31 375 0.5
31 383 0.5
31 464 0.5
31 497 0.5
31 644 0.5
31 649 0.5
31 706 0.5
31 715 0.5
31 945 0.5
31 1005 0.5
31 1030 0.5
31 1148 0.5
31 1465 0.5
31 1472 0.5
31 1510 0.5
31 1524 0.5
31 1610 0.5
31 1650 0.5
31 1680 0.5
31 1887 0.5
32 64 0.5
32 540 0.5
32 841 0.5
32 906 0.5
32 1051 0.5
32 1530 0.5
32 1705 0.5
32 1853 0.5
33 46 0.5
33 49 0.5
33 153 0.5
33 180 0.5
33 186 0.5
33 218 0.5
33 320 0.5
33 382 0.5
33 438 0.5
33 463 0.5
33 471 0.5
33 477 0.5
33 541 0.5
33 655 0.5
33 726 0.5
33 788 0.5
33 876 0.5
33 934 0.5
33 942 0.5
33 989 0.5
33 1163 0.5
33 1170 0.5
33 1213 0.5
33 1311 0.5
33 1564 0.5
33 1692 0.5
33 1702 0.5
33 1716 0.5
34 247 0.5
34 256 0.5
34 544 0.5
34 656 0.5
34 727 0.5
34 1254 0.5
34 1659 0.5
34 1691 0.5
35 54 0.5
35 97 0.5
35 167 0.5
35 218 0.5
35 335 0.5
35 367 0.5
35 389 0.5
35 460 0.5
35 476 0.5
35 495 0.5
35 563 0.5
35 682 0.5
35 982 0.5
35 1035 0.5
35 1061 0.5
35 1136 0.5
35 1407 0.5
35 1451 0.5
35 1502 0.5
35 1513 0.5
35 1553 0.5
35 1571 0.5
35 1572 0.5
35 1704 0.5
35 1722 0.5
35 1847 0.5
35 1877 0.5
36 70 0.5
36 71 0.5
36 116 0.5
36 124 0.5
36 131 0.5
36 220 0.5
36 256 0.5
36 291 0.5
36 470 0.5
36 546 0.5
36 622 0.5
36 938 0.5
36 981 0.5
36 1326 0.5
36 1480 0.5
36 1596 0.5
36 1838 0.5
37 63 0.5
37 76 0.5
37 102 0.5
37 132 0.5
37 205 0.5
37 210 0.5
37 212 0.5
37 213 0.5
37 310 0.5
37 321 0.5
37 348 0.5
37 417 0.5
37 560 0.5
37 566 0.5
37 630 0.5
37 696 0.5
37 706 0.5
37 878 0.5
37 939 0.5
37 1064 0.5
37 1242 0.5
37 1383 0.5
37 1470 0.5
37 1477 0.5
37 1574 0.5
37 1849 0.5
38 84 0.5
38 98 0.5
38 120 0.5
38 195 0.5
38 273 0.5
38 276 0.5
38 277 0.5
38 322 0.5
38 428 0.5
38 493 0.5
38 533 0.5
38 647 0.5
38 705 0.5
38 712 0.5
38 740 0.5
38 1148 0.5
38 1297 0.5
38 1354 0.5
38 1415 0.5
38 1495 0.5
39 61 0.5
39 157 0.5
39 1073 0.5
40 68 0.5
40 92 0.5
40 138 0.5
40 151 0.5
40 156 0.5
40 159 0.5
40 203 0.5
40 418 0.5
40 616 0.5
40 704 0.5
40 757 0.5
40 856 0.5
40 923 0.5
40 988 0.5
40 1331 0.5
40 1559 0.5
41 116 0.5
41 214 0.5
41 589 0.5
41 629 0.5
41 990 0.5
41 1772 0.5
42 52 0.5
42 222 0.5
42 333 0.5
42 455 0.5
42 585 0.5
42 590 0.5
42 600 0.5
42 997 0.5
42 1244 0.5
42 1308 0.5
42 1431 0.5
42 1471 0.5
43 73 0.5
43 82 0.5
43 108 0.5
43 119 0.5
43 146 0.5
43 162 0.5
43 165 0.5
43 393 0.5
43 666 0.5
43 814 0.5
43 1000 0.5
43 1232 0.5
43 1430 0.5
43 1563 0.5
43 1680 0.5
44 45 0.5
44 60 0.5
44 183 0.5
44 187 0.5
44 204 0.5
44 331 0.5
44 386 0.5
44 416 0.5
44 514 0.5
44 693 0.5
44 699 0.5
44 907 0.5
44 971 0.5
44 1028 0.5
44 1127 0.5
44 1273 0.5
44 1367 0.5
44 1490 0.5
44 1533 0.5
44 1754 0.5
44 1756 0.5
44 1799 0.5
45 90 0.5
45 94 0.5
45 366 0.5
45 403 0.5
45 420 0.5
45 1007 0.5
45 1075 0.5
45 1273 0.5
45 1326 0.5
46 87 0.5
46 103 0.5
46 107 0.5
46 111 0.5
46 134 0.5
46 185 0.5
46 194 0.5
46 238 0.5
46 401 0.5
46 896 0.5
46 1012 0.5
46 1469 0.5
46 1503 0.5
46 1669 0.5
47 79 0.5
47 104 0.5
47 120 0.5
47 122 0.5
47 184 0.5
47 257 0.5
47 379 0.5
47 457 0.5
47 559 0.5
47 596 0.5
47 1097 0.5
47 1169 0.5
47 1260 0.5
47 1437 0.5
47 1491 0.5
47 1784 0.5
48 49 0.5
48 95 0.5
48 142 0.5
48 194 0.5
48 316 0.5
48 405 0.5
48 456 0.5
48 576 0.5
48 633 0.5
48 854 0.5
48 1002 0.5
48 1016 0.5
48 1252 0.5
48 1280 0.5
48 1344 0.5
48 1403 0.5
48 1808 0.5
48 1820 0.5
49 287 0.5
49 444 0.5
49 447 0.5
49 560 0.5
49 594 0.5
49 636 0.5
49 648 0.5
49 777 0.5
49 811 0.5
49 917 0.5
49 969 0.5
49 979 0.5
49 1060 0.5
49 1269 0.5
49 1670 0.5
49 1672 0.5
49 1723 0.5
49 1831 0.5
49 1931 0.5
49 1993 0.5
50 107 0.5
51 60 0.5
51 177 0.5
51 229 0.5
51 527 0.5
51 1021 0.5
51 1068 0.5
51 1127 0.5
51 1189 0.5
51 1455 0.5
51 1463 0.5
51 1647 0.5
52 195 0.5
52 298 0.5
52 355 0.5
52 439 0.5
52 986 0.5
52 1004 0.5
52 1185 0.5
52 1215 0.5
52 1594 0.5
52 1636 0.5
52 1883 0.5
53 106 0.5
53 224 0.5
53 355 0.5
53 685 0.5
53 913 0.5
53 1287 0.5
53 1315 0.5
53 1489 0.5
54 557 0.5
54 682 0.5
54 759 0.5
54 946 0.5
54 1238 0.5
55 84 0.5
55 166 0.5
55 258 0.5
55 280 0.5
55 309 0.5
55 592 0.5
55 625 0.5
55 729 0.5
55 758 0.5
55 1030 0.5
55 1643 0.5
55 1698 0.5
55 1945 0.5
56 184 0.5
56 469 0.5
56 502 0.5
56 538 0.5
56 1307 0.5
57 265 0.5
57 289 0.5
57 301 0.5
57 305 0.5
57 306 0.5
57 327 0.5
57 432 0.5
57 478 0.5
57 874 0.5
57 960 0.5
57 1286 0.5
57 1708 0.5
58 86 0.5
58 99 0.5
58 176 0.5
58 186 0.5
58 225 0.5
58 235 0.5
58 302 0.5
58 363 0.5
58 610 0.5
58 975 0.5
58 1018 0.5
58 1062 0.5
58 1084 0.5
58 1335 0.5
58 1454 0.5
58 1562 0.5
58 1687 0.5
58 1727 0.5
58 1969 0.5
59 709 0.5
59 1658 0.5
60 69 0.5
60 92 0.5
60 562 0.5
60 774 0.5
60 1236 0.5
60 1455 0.5
60 1852 0.5
61 344 0.5
61 400 0.5
61 517 0.5
62 1195 0.5
63 147 0.5
63 227 0.5
63 228 0.5
63 248 0.5
63 258 0.5
63 328 0.5
63 368 0.5
63 406 0.5
63 532 0.5
63 538 0.5
63 615 0.5
63 756 0.5
63 794 0.5
63 834 0.5
63 1125 0.5
63 1428 0.5
63 1623 0.5
64 101 0.5
64 110 0.5
64 163 0.5
64 407 0.5
64 475 0.5
64 487 0.5
64 521 0.5
64 552 0.5
64 906 0.5
64 1349 0.5
64 1521 0.5
64 1561 0.5
65 71 0.5
65 118 0.5
65 210 0.5
65 221 0.5
65 232 0.5
65 404 0.5
65 659 0.5
65 1048 0.5
65 1141 0.5
65 1378 0.5
65 1528 0.5
67 89 0.5
67 150 0.5
67 182 0.5
67 202 0.5
67 220 0.5
67 323 0.5
67 345 0.5
67 356 0.5
67 369 0.5
67 381 0.5
67 453 0.5
67 470 0.5
67 575 0.5
67 652 0.5
67 840 0.5
67 888 0.5
67 897 0.5
67 932 0.5
67 958 0.5
67 1063 0.5
67 1099 0.5
67 1107 0.5
67 1264 0.5
67 1435 0.5
67 1547 0.5
67 1719 0.5
67 1771 0.5
68 206 0.5
68 260 0.5
68 386 0.5
68 711 0.5
68 1001 0.5
68 1008 0.5
68 1058 0.5
68 1284 0.5
68 1312 0.5
68 1649 0.5
68 1739 0.5
69 1466 0.5
70 109 0.5
70 398 0.5
70 410 0.5
70 1330 0.5
71 171 0.5
71 332 0.5
71 380 0.5
71 882 0.5
71 884 0.5
71 1233 0.5
71 1794 0.5
71 1934 0.5
72 428 0.5
72 924 0.5
72 1258 0.5
72 1378 0.5
72 1406 0.5
72 1597 0.5
73 108 0.5
73 141 0.5
73 175 0.5
73 215 0.5
73 224 0.5
73 337 0.5
73 350 0.5
73 976 0.5
75 80 0.5
75 273 0.5
75 422 0.5
75 498 0.5
75 656 0.5
75 804 0.5
75 948 0.5
75 1080 0.5
75 1112 0.5
75 1191 0.5
75 1374 0.5
75 1400 0.5
75 1555 0.5
75 1591 0.5
75 1637 0.5
75 1822 0.5
75 1896 0.5
75 1942 0.5
76 345 0.5
76 730 0.5
76 998 0.5
76 1579 0.5
78 1743 0.5
80 109 0.5
80 216 0.5
80 240 0.5
80 267 0.5
80 281 0.5
80 314 0.5
80 409 0.5
80 498 0.5
80 534 0.5
80 588 0.5
80 614 0.5
80 623 0.5
80 651 0.5
80 734 0.5
80 839 0.5
80 870 0.5
80 877 0.5
80 937 0.5
80 952 0.5
80 1072 0.5
80 1121 0.5
80 1137 0.5
80 1139 0.5
80 1257 0.5
80 1285 0.5
80 1348 0.5
80 1358 0.5
80 1580 0.5
80 1588 0.5
80 1731 0.5
80 1780 0.5
80 1823 0.5
80 1932 0.5
80 1966 0.5
80 1974 0.5
80 1979 0.5
81 97 0.5
81 212 0.5
81 350 0.5
81 382 0.5
81 486 0.5
81 558 0.5
81 690 0.5
81 975 0.5
81 1031 0.5
81 1392 0.5
81 1479 0.5
81 1782 0.5
82 666 0.5
82 1427 0.5
82 1448 0.5
83 123 0.5
83 199 0.5
83 200 0.5
83 607 0.5
83 801 0.5
83 955 0.5
83 1014 0.5
83 1099 0.5
83 1199 0.5
83 1225 0.5
83 1413 0.5
83 1608 0.5
84 312 0.5
84 624 0.5
85 329 0.5
85 445 0.5
85 488 0.5
85 764 0.5
85 823 0.5
85 1028 0.5
85 1215 0.5
85 1586 0.5
85 1825 0.5
86 284 0.5
86 349 0.5
86 500 0.5
87 515 0.5
88 295 0.5
88 370 0.5
88 1042 0.5
88 1343 0.5
88 1601 0.5
89 174 0.5
89 1653 0.5
90 113 0.5
90 272 0.5
90 365 0.5
90 593 0.5
90 713 0.5
90 1150 0.5
90 1328 0.5
90 1363 0.5
90 1440 0.5
90 1456 0.5
90 1459 0.5
90 1652 0.5
90 1782 0.5
90 1841 0.5
91 845 0.5
91 1323 0.5
92 1241 0.5
93 160 0.5
93 235 0.5
93 237 0.5
93 364 0.5
93 526 0.5
93 922 0.5
93 1020 0.5
93 1066 0.5
93 1209 0.5
93 1295 0.5
93 1504 0.5
94 121 0.5
94 413 0.5
94 1077 0.5
94 1281 0.5
94 1371 0.5
94 1542 0.5
94 1763 0.5
95 130 0.5
95 189 0.5
95 223 0.5
95 283 0.5
95 500 0.5
95 1034 0.5
95 1205 0.5
95 1981 0.5
96 154 0.5
96 193 0.5
96 244 0.5
96 383 0.5
96 441 0.5
96 694 0.5
96 1158 0.5
96 1842 0.5
97 722 0.5
97 1194 0.5
97 1418 0.5
97 1452 0.5
98 105 0.5
98 277 0.5
98 1290 0.5
98 1589 0.5
98 1765 0.5
98 1927 0.5
98 1960 0.5
99 139 0.5
99 267 0.5
99 357 0.5
99 359 0.5
99 1001 0.5
99 1241 0.5
99 1556 0.5
99 1565 0.5
99 1868 0.5
100 148 0.5
100 541 0.5
100 638 0.5
100 881 0.5
100 1119 0.5
100 1469 0.5
101 140 0.5
101 879 0.5
101 889 0.5
102 1043 0.5
103 185 0.5
103 241 0.5
103 285 0.5
103 292 0.5
103 343 0.5
103 360 0.5
103 438 0.5
103 511 0.5
103 543 0.5
103 545 0.5
103 800 0.5
103 804 0.5
103 845 0.5
103 891 0.5
103 895 0.5
103 1016 0.5
103 1104 0.5
103 1134 0.5
103 1200 0.5
103 1277 0.5
103 1582 0.5
104 642 0.5
104 719 0.5
104 1224 0.5
105 136 0.5
105 173 0.5
105 419 0.5
105 671 0.5
105 677 0.5
105 697 0.5
105 858 0.5
105 875 0.5
105 946 0.5
105 1046 0.5
105 1222 0.5
105 1257 0.5
105 1536 0.5
105 1974 0.5
106 448 0.5
106 617 0.5
106 1079 0.5
106 1740 0.5
107 117 0.5
107 137 0.5
107 181 0.5
107 238 0.5
107 374 0.5
107 406 0.5
107 443 0.5
107 492 0.5
107 592 0.5
107 604 0.5
107 755 0.5
107 781 0.5
107 1110 0.5
107 1174 0.5
107 1184 0.5
107 1225 0.5
107 1321 0.5
107 1405 0.5
107 1409 0.5
107 1551 0.5
107 1727 0.5
107 1754 0.5
107 1760 0.5
108 112 0.5
108 233 0.5
108 585 0.5
108 839 0.5
108 1046 0.5
108 1255 0.5
108 1306 0.5
108 1342 0.5
108 1765 0.5
108 1826 0.5
108 1842 0.5
108 1905 0.5
109 111 0.5
109 138 0.5
109 216 0.5
109 262 0.5
109 583 0.5
109 606 0.5
109 766 0.5
109 816 0.5
109 822 0.5
109 841 0.5
109 872 0.5
109 1087 0.5
109 1220 0.5
109 1221 0.5
109 1336 0.5
109 1679 0.5
109 1921 0.5
110 205 0.5
110 278 0.5
110 453 0.5
110 821 0.5
110 901 0.5
110 1198 0.5
110 1586 0.5
110 1838 0.5
111 180 0.5
111 400 0.5
111 437 0.5
111 718 0.5
111 767 0.5
111 927 0.5
111 992 0.5
111 996 0.5
111 1267 0.5
111 1483 0.5
111 1742 0.5
111 1829 0.5
111 1843 0.5
111 1940 0.5
112 228 0.5
112 572 0.5
112 765 0.5
112 817 0.5
112 1144 0.5
112 1282 0.5
113 548 0.5
113 670 0.5
113 1118 0.5
113 1131 0.5
113 1159 0.5
113 1266 0.5
113 1402 0.5
113 1617 0.5
113 1956 0.5
114 168 0.5
114 750 0.5
114 1073 0.5
114 1707 0.5
114 1867 0.5
115 153 0.5
115 170 0.5
115 319 0.5
115 635 0.5
115 694 0.5
115 838 0.5
115 1154 0.5
115 1388 0.5
115 1506 0.5
115 1715 0.5
116 491 0.5
116 733 0.5
117 266 0.5
117 513 0.5
117 647 0.5
117 829 0.5
117 1041 0.5
118 171 0.5
118 473 0.5
118 673 0.5
118 1263 0.5
118 1377 0.5
118 1604 0.5
119 122 0.5
119 135 0.5
119 226 0.5
119 236 0.5
119 270 0.5
119 286 0.5
119 335 0.5
119 443 0.5
119 509 0.5
119 523 0.5
119 565 0.5
119 572 0.5
119 596 0.5
119 677 0.5
119 709 0.5
119 815 0.5
119 823 0.5
119 826 0.5
119 880 0.5
119 1079 0.5
119 1101 0.5
119 1168 0.5
119 1212 0.5
119 1222 0.5
119 1239 0.5
119 1376 0.5
119 1467 0.5
119 1529 0.5
119 1735 0.5
119 1864 0.5
119 1894 0.5
120 1332 0.5
120 1715 0.5
121 176 0.5
121 393 0.5
121 452 0.5
121 632 0.5
121 867 0.5
121 1095 0.5
121 1335 0.5
121 1382 0.5
121 1421 0.5
121 1816 0.5
121 1929 0.5
122 129 0.5
122 257 0.5
122 496 0.5
122 580 0.5
122 921 0.5
122 1375 0.5
122 1411 0.5
122 1433 0.5
123 199 0.5
123 262 0.5
123 298 0.5
123 321 0.5
123 827 0.5
123 962 0.5
123 984 0.5
123 1460 0.5
124 127 0.5
124 191 0.5
124 201 0.5
124 234 0.5
124 578 0.5
124 963 0.5
124 1284 0.5
124 1526 0.5
124 1537 0.5
124 1720 0.5
124 1861 0.5
124 1985 0.5
125 250 0.5
125 423 0.5
125 787 0.5
125 813 0.5
125 847 0.5
125 1490 0.5
125 1515 0.5
126 165 0.5
126 175 0.5
126 333 0.5
126 346 0.5
126 419 0.5
126 561 0.5
126 569 0.5
126 670 0.5
126 755 0.5
126 956 0.5
126 976 0.5
126 1036 0.5
126 1044 0.5
126 1130 0.5
126 1314 0.5
126 1529 0.5
126 1971 0.5
127 201 0.5
127 731 0.5
127 964 0.5
127 1978 0.5
128 660 0.5
128 860 0.5
128 1040 0.5
128 1382 0.5
128 1867 0.5
129 344 0.5
129 395 0.5
129 451 0.5
129 628 0.5
129 672 0.5
129 1433 0.5
129 1581 0.5
129 1714 0.5
130 300 0.5
130 472 0.5
130 760 0.5
130 1240 0.5
130 1415 0.5
130 1689 0.5
131 140 0.5
131 268 0.5
131 426 0.5
131 1032 0.5
131 1972 0.5
132 133 0.5
132 142 0.5
133 243 0.5
133 1478 0.5
134 144 0.5
134 182 0.5
134 233 0.5
134 341 0.5
134 446 0.5
134 542 0.5
134 751 0.5
134 927 0.5
134 961 0.5
134 1076 0.5
134 1135 0.5
134 1166 0.5
134 1214 0.5
134 1493 0.5
134 1499 0.5
134 1540 0.5
134 1969 0.5
135 353 0.5
135 748 0.5
135 811 0.5
135 1996 0.5
136 203 0.5
136 275 0.5
136 469 0.5
136 931 0.5
136 991 0.5
136 1178 0.5
136 1262 0.5
136 1550 0.5
136 1578 0.5
136 1585 0.5
137 445 0.5
137 611 0.5
137 701 0.5
137 741 0.5
137 857 0.5
137 999 0.5
137 1160 0.5
137 1327 0.5
137 1472 0.5
137 1600 0.5
138 1219 0.5
139 444 0.5
139 908 0.5
139 1149 0.5
139 1306 0.5
139 1356 0.5
141 227 0.5
141 909 0.5
141 950 0.5
142 231 0.5
142 263 0.5
142 598 0.5
142 798 0.5
142 1050 0.5
142 1639 0.5
142 1700 0.5
143 248 0.5
143 274 0.5
143 367 0.5
143 396 0.5
143 401 0.5
143 481 0.5
143 529 0.5
143 618 0.5
143 947 0.5
143 1355 0.5
143 1729 0.5
145 434 0.5
145 612 0.5
145 1673 0.5
146 240 0.5
146 1090 0.5
146 1409 0.5
147 239 0.5
147 1774 0.5
148 914 0.5
148 1067 0.5
149 251 0.5
149 255 0.5
149 297 0.5
149 420 0.5
149 494 0.5
149 556 0.5
149 642 0.5
149 671 0.5
149 674 0.5
149 675 0.5
149 785 0.5
149 953 0.5
149 1003 0.5
149 1090 0.5
149 1411 0.5
149 1426 0.5
149 1519 0.5
149 1570 0.5
149 1596 0.5
149 1814 0.5
149 1915 0.5
149 1989 0.5
150 356 0.5
150 361 0.5
150 375 0.5
150 850 0.5
150 1458 0.5
151 209 0.5
151 631 0.5
152 265 0.5
152 332 0.5
152 483 0.5
152 688 0.5
152 729 0.5
152 978 0.5
152 1153 0.5
152 1341 0.5
152 1546 0.5
152 1644 0.5
154 521 0.5
155 162 0.5
155 222 0.5
155 343 0.5
155 447 0.5
155 568 0.5
155 715 0.5
155 1176 0.5
155 1380 0.5
155 1417 0.5
155 1785 0.5
155 1987 0.5
156 559 0.5
156 967 0.5
156 1560 0.5
157 200 0.5
158 198 0.5
158 276 0.5
158 487 0.5
158 739 0.5
158 840 0.5
158 1428 0.5
158 1888 0.5
159 189 0.5
159 209 0.5
159 247 0.5
159 295 0.5
159 323 0.5
159 358 0.5
159 634 0.5
159 685 0.5
159 692 0.5
159 739 0.5
159 744 0.5
159 1118 0.5
159 1410 0.5
159 1583 0.5
159 1667 0.5
159 1717 0.5
160 268 0.5
160 315 0.5
160 1272 0.5
161 164 0.5
161 462 0.5
161 508 0.5
161 1534 0.5
162 231 0.5
162 540 0.5
162 1245 0.5
162 1462 0.5
162 1463 0.5
162 1464 0.5
162 1998 0.5
164 508 0.5
164 632 0.5
165 246 0.5
165 249 0.5
165 280 0.5
165 973 0.5
165 1193 0.5
165 1414 0.5
166 650 0.5
166 664 0.5
166 734 0.5
166 1209 0.5
166 1591 0.5
167 460 0.5
167 710 0.5
167 929 0.5
167 1190 0.5
167 1797 0.5
168 603 0.5
168 1247 0.5
169 340 0.5
169 563 0.5
169 658 0.5
169 847 0.5
169 1024 0.5
169 1261 0.5
169 1935 0.5
170 301 0.5
170 801 0.5
170 831 0.5
170 1026 0.5
170 1040 0.5
170 1088 0.5
170 1271 0.5
170 1571 0.5
170 1645 0.5
170 1780 0.5
170 1912 0.5
171 357 0.5
171 700 0.5
171 1314 0.5
171 1460 0.5
172 177 0.5
172 188 0.5
172 1567 0.5
172 1928 0.5
173 214 0.5
173 1038 0.5
173 1292 0.5
173 1439 0.5
173 1670 0.5
173 1752 0.5
173 1815 0.5
174 230 0.5
174 374 0.5
174 399 0.5
174 587 0.5
174 782 0.5
174 956 0.5
174 1783 0.5
175 1034 0.5
175 1311 0.5
175 1994 0.5
176 397 0.5
176 550 0.5
176 735 0.5
176 741 0.5
176 783 0.5
176 815 0.5
176 877 0.5
176 1924 0.5
177 492 0.5
177 698 0.5
177 1812 0.5
179 798 0.5
179 1085 0.5
179 1676 0.5
180 724 0.5
180 989 0.5
180 1580 0.5
181 197 0.5
181 285 0.5
181 395 0.5
181 404 0.5
181 416 0.5
181 688 0.5
181 765 0.5
181 1612 0.5
181 1849 0.5
182 678 0.5
182 1231 0.5
183 250 0.5
183 378 0.5
183 424 0.5
183 467 0.5
183 641 0.5
183 844 0.5
183 1100 0.5
183 1122 0.5
183 1258 0.5
183 1283 0.5
183 1605 0.5
183 1959 0.5
184 482 0.5
184 636 0.5
184 970 0.5
184 1049 0.5
184 1337 0.5
184 1558 0.5
184 1575 0.5
184 1769 0.5
184 1860 0.5
185 226 0.5
185 253 0.5
185 306 0.5
185 388 0.5
185 1141 0.5
185 1418 0.5
185 1484 0.5
185 1552 0.5
186 208 0.5
186 424 0.5
186 518 0.5
186 537 0.5
186 601 0.5
186 626 0.5
186 932 0.5
186 1509 0.5
186 1541 0.5
187 378 0.5
187 388 0.5
187 554 0.5
187 591 0.5
187 651 0.5
187 661 0.5
187 781 0.5
187 854 0.5
187 894 0.5
187 1180 0.5
187 1919 0.5
188 780 0.5
189 1218 0.5
189 1274 0.5
189 1454 0.5
189 1598 0.5
190 771 0.5
190 1791 0.5
190 1805 0.5
191 887 0.5
191 1117 0.5
192 219 0.5
192 274 0.5
192 342 0.5
192 363 0.5
192 415 0.5
192 486 0.5
192 494 0.5
192 530 0.5
192 589 0.5
192 687 0.5
192 745 0.5
192 842 0.5
192 885 0.5
192 907 0.5
192 1017 0.5
192 1130 0.5
192 1196 0.5
192 1473 0.5
192 1539 0.5
192 1569 0.5
193 234 0.5
193 282 0.5
193 528 0.5
193 545 0.5
193 771 0.5
193 885 0.5
193 890 0.5
193 908 0.5
193 1621 0.5
194 1662 0.5
195 314 0.5
195 524 0.5
195 1161 0.5
195 1248 0.5
195 1442 0.5
195 1688 0.5
196 1193 0.5
196 1226 0.5
196 1255 0.5
198 1105 0.5
198 1643 0.5
198 1646 0.5
199 728 0.5
199 1203 0.5
200 211 0.5
200 342 0.5
201 297 0.5
201 1208 0.5
201 1313 0.5
202 325 0.5
202 1667 0.5
202 1690 0.5
203 275 0.5
203 430 0.5
203 749 0.5
203 1307 0.5
203 1361 0.5
204 254 0.5
204 338 0.5
204 385 0.5
204 485 0.5
204 704 0.5
204 1533 0.5
204 1776 0.5
204 1913 0.5
205 237 0.5
205 389 0.5
205 427 0.5
205 567 0.5
205 770 0.5
205 1014 0.5
205 1159 0.5
206 283 0.5
206 1230 0.5
206 1426 0.5
207 261 0.5
207 466 0.5
207 747 0.5
207 768 0.5
207 1343 0.5
207 1657 0.5
208 405 0.5
208 537 0.5
208 548 0.5
208 701 0.5
208 790 0.5
208 824 0.5
208 1620 0.5
208 1738 0.5
208 1748 0.5
210 608 0.5
210 940 0.5
210 1391 0.5
211 215 0.5
211 425 0.5
212 627 0.5
212 1214 0.5
213 302 0.5
213 477 0.5
213 746 0.5
214 244 0.5
214 322 0.5
214 619 0.5
214 698 0.5
214 718 0.5
214 783 0.5
214 1031 0.5
214 1202 0.5
214 1492 0.5
215 463 0.5
215 466 0.5
215 484 0.5
215 503 0.5
215 948 0.5
215 1043 0.5
215 1089 0.5
215 1294 0.5
215 1656 0.5
215 1686 0.5
216 397 0.5
216 613 0.5
216 1734 0.5
217 373 0.5
217 1302 0.5
219 313 0.5
219 361 0.5
219 566 0.5
219 600 0.5
219 669 0.5
219 691 0.5
219 716 0.5
219 777 0.5
219 914 0.5
219 919 0.5
219 921 0.5
219 987 0.5
219 1389 0.5
219 1990 0.5
220 1317 0.5
221 230 0.5
221 318 0.5
221 371 0.5
221 531 0.5
221 837 0.5
221 1404 0.5
221 1990 0.5
222 522 0.5
222 1599 0.5
223 320 0.5
223 1060 0.5
224 315 0.5
224 516 0.5
225 1109 0.5
225 1296 0.5
225 1614 0.5
225 1966 0.5
226 377 0.5
226 1187 0.5
228 336 0.5
228 431 0.5
228 1705 0.5
230 324 0.5
230 328 0.5
230 390 0.5
230 945 0.5
230 979 0.5
230 1362 0.5
230 1443 0.5
230 1480 0.5
230 1601 0.5
230 1730 0.5
230 1865 0.5
230 1936 0.5
231 436 0.5
231 510 0.5
231 735 0.5
231 1095 0.5
231 1464 0.5
232 304 0.5
232 637 0.5
232 1766 0.5
232 1914 0.5
232 1944 0.5
234 1280 0.5
234 1690 0.5
234 1861 0.5
236 372 0.5
236 440 0.5
236 462 0.5
236 646 0.5
236 1237 0.5
236 1259 0.5
237 294 0.5
237 364 0.5
237 387 0.5
237 410 0.5
237 442 0.5
237 510 0.5
237 612 0.5
237 629 0.5
237 807 0.5
237 832 0.5
237 1210 0.5
237 1495 0.5
237 1561 0.5
237 1611 0.5
237 1856 0.5
238 1129 0.5
238 1610 0.5
239 1481 0.5
241 319 0.5
241 326 0.5
241 338 0.5
241 761 0.5
241 1541 0.5
241 1632 0.5
242 601 0.5
242 819 0.5
242 1136 0.5
242 1386 0.5
242 1796 0.5
243 259 0.5
243 778 0.5
243 919 0.5
243 1356 0.5
243 1548 0.5
244 1798 0.5
245 279 0.5
245 365 0.5
245 377 0.5
245 379 0.5
245 435 0.5
245 502 0.5
245 527 0.5
245 722 0.5
245 1197 0.5
245 1618 0.5
245 1916 0.5
246 640 0.5
246 1198 0.5
246 1283 0.5
247 757 0.5
247 1636 0.5
247 1872 0.5
247 1874 0.5
247 1880 0.5
248 1036 0.5
248 1058 0.5
248 1458 0.5
248 1461 0.5
248 1749 0.5
248 1836 0.5
249 271 0.5
249 288 0.5
249 1006 0.5
249 1484 0.5
250 376 0.5
250 690 0.5
251 966 0.5
251 1025 0.5
251 1523 0.5
251 1948 0.5
252 454 0.5
253 505 0.5
253 1379 0.5
254 758 0.5
254 1077 0.5
255 968 0.5
255 1003 0.5
255 1006 0.5
255 1520 0.5
256 261 0.5
256 525 0.5
256 1051 0.5
257 334 0.5
257 551 0.5
257 676 0.5
257 728 0.5
257 1201 0.5
257 1486 0.5
257 1498 0.5
258 764 0.5
258 1369 0.5
259 552 0.5
259 658 0.5
259 708 0.5
261 891 0.5
261 1682 0.5
264 591 0.5
264 995 0.5
264 1223 0.5
264 1833 0.5
267 865 0.5
267 1021 0.5
267 1229 0.5
267 1253 0.5
268 318 0.5
268 749 0.5
268 1491 0.5
268 1980 0.5
269 1962 0.5
270 284 0.5
270 1321 0.5
271 330 0.5
271 458 0.5
271 506 0.5
271 893 0.5
271 1245 0.5
272 586 0.5
272 970 0.5
272 1033 0.5
272 1357 0.5
273 394 0.5
273 454 0.5
273 910 0.5
273 1363 0.5
274 1408 0.5
275 1262 0.5
276 291 0.5
276 412 0.5
276 495 0.5
276 1476 0.5
276 1878 0.5
276 1880 0.5
277 599 0.5
277 1691 0.5
277 1927 0.5
278 351 0.5
278 530 0.5
278 1844 0.5
279 310 0.5
279 967 0.5
279 1779 0.5
280 472 0.5
280 488 0.5
280 750 0.5
280 1595 0.5
281 352 0.5
282 686 0.5
282 724 0.5
282 1423 0.5
282 1565 0.5
284 360 0.5
284 430 0.5
284 504 0.5
284 652 0.5
284 1235 0.5
284 1353 0.5
284 1991 0.5
285 421 0.5
285 1165 0.5
285 1620 0.5
286 834 0.5
286 920 0.5
287 1320 0.5
288 726 0.5
288 1883 0.5
288 1951 0.5
289 467 0.5
289 553 0.5
289 936 0.5
289 1122 0.5
290 413 0.5
291 387 0.5
291 621 0.5
291 762 0.5
291 846 0.5
291 894 0.5
291 1164 0.5
291 1172 0.5
291 1482 0.5
291 1511 0.5
291 1564 0.5
291 1602 0.5
292 485 0.5
292 808 0.5
292 818 0.5
292 1082 0.5
292 1512 0.5
292 1518 0.5
292 1531 0.5
292 1949 0.5
293 411 0.5
293 442 0.5
293 635 0.5
293 786 0.5
293 1337 0.5
294 953 0.5
297 331 0.5
297 381 0.5
297 433 0.5
297 609 0.5
297 926 0.5
297 937 0.5
297 1661 0.5
298 475 0.5
298 584 0.5
298 966 0.5
298 1600 0.5
299 435 0.5
299 525 0.5
299 915 0.5
299 1535 0.5
300 562 0.5
300 954 0.5
300 1416 0.5
300 1493 0.5
300 1986 0.5
301 579 0.5
301 933 0.5
303 366 0.5
303 558 0.5
303 605 0.5
303 742 0.5
303 1145 0.5
304 981 0.5
304 1276 0.5
304 1766 0.5
304 1869 0.5
305 1105 0.5
305 1566 0.5
306 474 0.5
306 766 0.5
306 886 0.5
306 1113 0.5
307 835 0.5
307 897 0.5
307 1324 0.5
308 899 0.5
308 1069 0.5
308 1429 0.5
309 431 0.5
309 1557 0.5
310 317 0.5
310 695 0.5
310 802 0.5
310 901 0.5
311 1987 0.5
312 468 0.5
312 602 0.5
312 659 0.5
312 769 0.5
312 902 0.5
312 1507 0.5
315 511 0.5
315 763 0.5
315 772 0.5
315 1139 0.5
315 1150 0.5
315 1538 0.5
315 1544 0.5
316 1316 0.5
317 324 0.5
317 595 0.5
318 620 0.5
318 711 0.5
318 1401 0.5
319 384 0.5
319 515 0.5
319 665 0.5
319 782 0.5
319 1882 0.5
320 1015 0.5
321 924 0.5
321 993 0.5
321 1049 0.5
321 1151 0.5
322 1693 0.5
322 1886 0.5
324 358 0.5
324 725 0.5
324 797 0.5
324 1310 0.5
324 1497 0.5
324 1633 0.5
324 1676 0.5
324 1817 0.5
325 340 0.5
325 348 0.5
325 429 0.5
325 797 0.5
325 1128 0.5
325 1183 0.5
325 1333 0.5
325 1434 0.5
325 1436 0.5
325 1684 0.5
325 1823 0.5
327 432 0.5
327 852 0.5
327 1187 0.5
328 1266 0.5
328 1377 0.5
328 1787 0.5
329 490 0.5
329 519 0.5
329 1229 0.5
330 339 0.5
330 779 0.5
330 849 0.5
330 997 0.5
333 702 0.5
334 812 0.5
334 939 0.5
334 957 0.5
335 369 0.5
335 391 0.5
335 1487 0.5
336 622 0.5
336 1760 0.5
336 1965 0.5
337 384 0.5
337 730 0.5
337 1545 0.5
337 1925 0.5
338 1488 0.5
339 1254 0.5
340 418 0.5
340 1270 0.5
340 1630 0.5
340 1802 0.5
342 415 0.5
342 732 0.5
342 824 0.5
342 1519 0.5
343 1445 0.5
344 846 0.5
344 1724 0.5
345 1290 0.5
346 376 0.5
347 1399 0.5
347 1436 0.5
348 1304 0.5
348 1365 0.5
348 1805 0.5
349 448 0.5
349 686 0.5
349 769 0.5
350 1525 0.5
351 407 0.5
351 935 0.5
351 1202 0.5
353 1304 0.5
353 1563 0.5
354 1147 0.5
354 1352 0.5
354 1665 0.5
355 1119 0.5
355 1384 0.5
357 680 0.5
358 974 0.5
358 1422 0.5
358 1497 0.5
358 1549 0.5
358 1594 0.5
359 627 0.5
359 702 0.5
359 1134 0.5
361 372 0.5
361 1121 0.5
361 1359 0.5
361 1710 0.5
362 380 0.5
362 949 0.5
362 1390 0.5
364 547 0.5
364 1301 0.5
364 1373 0.5
365 409 0.5
365 852 0.5
365 864 0.5
365 918 0.5
365 1068 0.5
365 1540 0.5
365 1547 0.5
367 1322 0.5
370 449 0.5
370 925 0.5
370 994 0.5
370 1289 0.5
370 1450 0.5
370 1618 0.5
371 700 0.5
371 703 0.5
371 713 0.5
371 1538 0.5
371 1870 0.5
372 471 0.5
373 923 0.5
373 1075 0.5
374 520 0.5
374 523 0.5
374 768 0.5
374 911 0.5
374 1010 0.5
374 1188 0.5
375 786 0.5
376 526 0.5
376 1706 0.5
377 1197 0.5
377 1918 0.5
378 423 0.5
378 1995 0.5
379 654 0.5
379 1171 0.5
379 1606 0.5
381 575 0.5
381 590 0.5
384 506 0.5
384 1059 0.5
384 1957 0.5
385 569 0.5
385 1543 0.5
386 1375 0.5
386 1514 0.5
387 1648 0.5
388 414 0.5
388 570 0.5
388 810 0.5
388 1221 0.5
388 1566 0.5
388 1732 0.5
388 1783 0.5
388 1942 0.5
389 1069 0.5
390 459 0.5
390 720 0.5
390 738 0.5
390 821 0.5
390 1179 0.5
390 1238 0.5
390 1840 0.5
392 634 0.5
392 785 0.5
392 1012 0.5
392 1065 0.5
392 1429 0.5
392 1975 0.5
393 452 0.5
393 605 0.5
393 639 0.5
393 1243 0.5
393 1875 0.5
394 564 0.5
394 978 0.5
394 1181 0.5
396 1101 0.5
396 1349 0.5
397 654 0.5
397 1734 0.5
398 1889 0.5
399 935 0.5
400 1404 0.5
400 1879 0.5
402 1704 0.5
403 1096 0.5
405 1027 0.5
405 1038 0.5
406 999 0.5
407 480 0.5
410 807 0.5
410 843 0.5
411 516 0.5
411 753 0.5
411 792 0.5
411 1243 0.5
411 1317 0.5
411 1681 0.5
411 1960 0.5
412 531 0.5
412 915 0.5
412 1477 0.5
412 1837 0.5
413 1626 0.5
413 1897 0.5
414 514 0.5
414 637 0.5
414 678 0.5
414 791 0.5
414 941 0.5
414 947 0.5
414 955 0.5
414 1288 0.5
414 1441 0.5
414 1692 0.5
415 1092 0.5
416 584 0.5
416 1156 0.5
416 1752 0.5
416 1941 0.5
416 1955 0.5
417 1064 0.5
418 564 0.5
419 532 0.5
420 1613 0.5
422 929 0.5
422 1323 0.5
423 829 0.5
423 1057 0.5
423 1928 0.5
426 553 0.5
426 1860 0.5
427 619 0.5
427 996 0.5
427 1946 0.5
429 547 0.5
429 1439 0.5
431 911 0.5
431 1087 0.5
431 1550 0.5
432 574 0.5
433 958 0.5
433 1357 0.5
434 468 0.5
436 883 0.5
436 1501 0.5
437 668 0.5
437 903 0.5
437 1876 0.5
438 570 0.5
438 1453 0.5
439 986 0.5
440 952 0.5
440 1837 0.5
441 450 0.5
441 544 0.5
441 836 0.5
441 1884 0.5
442 1790 0.5
443 1790 0.5
444 844 0.5
444 863 0.5
444 1279 0.5
444 1562 0.5
444 1845 0.5
447 594 0.5
447 736 0.5
447 1055 0.5
447 1406 0.5
447 1420 0.5
448 1015 0.5
448 1179 0.5
448 1726 0.5
449 773 0.5
449 1294 0.5
449 1322 0.5
452 455 0.5
452 539 0.5
452 580 0.5
452 813 0.5
452 900 0.5
452 1145 0.5
453 481 0.5
453 503 0.5
453 641 0.5
453 917 0.5
453 938 0.5
453 985 0.5
453 1301 0.5
453 1320 0.5
453 1440 0.5
453 1446 0.5
453 1532 0.5
453 1615 0.5
453 1720 0.5
453 1725 0.5
453 1744 0.5
454 536 0.5
454 1423 0.5
454 1534 0.5
454 1897 0.5
455 464 0.5
455 478 0.5
455 489 0.5
455 595 0.5
455 608 0.5
455 859 0.5
455 1226 0.5
455 1325 0.5
455 1515 0.5
455 1964 0.5
457 522 0.5
457 1041 0.5
458 557 0.5
459 737 0.5
460 550 0.5
460 1044 0.5
463 867 0.5
463 1685 0.5
464 633 0.5
464 751 0.5
464 762 0.5
464 1813 0.5
465 683 0.5
465 745 0.5
465 794 0.5
465 820 0.5
465 900 0.5
465 1568 0.5
465 1728 0.5
467 1385 0.5
470 638 0.5
470 1443 0.5
472 533 0.5
472 925 0.5
472 1175 0.5
472 1300 0.5
472 1350 0.5
472 1590 0.5
472 1675 0.5
473 892 0.5
473 1318 0.5
473 1410 0.5
473 1714 0.5
476 597 0.5
476 920 0.5
476 1695 0.5
477 497 0.5
477 1839 0.5
477 1968 0.5
478 1256 0.5
479 1819 0.5
479 1863 0.5
480 509 0.5
480 1039 0.5
481 543 0.5
481 744 0.5
483 869 0.5
483 873 0.5
484 667 0.5
484 721 0.5
484 770 0.5
484 1575 0.5
484 1696 0.5
485 838 0.5
485 1091 0.5
485 1709 0.5
490 693 0.5
492 581 0.5
492 1174 0.5
492 1755 0.5
492 1915 0.5
493 828 0.5
494 1431 0.5
496 830 0.5
501 512 0.5
501 1088 0.5
502 535 0.5
503 505 0.5
503 859 0.5
503 1114 0.5
503 1116 0.5
503 1395 0.5
503 1659 0.5
503 1738 0.5
504 578 0.5
504 1188 0.5
504 1275 0.5
505 602 0.5
505 795 0.5
505 969 0.5
505 1735 0.5
505 1801 0.5
506 743 0.5
506 1102 0.5
507 775 0.5
507 971 0.5
507 1753 0.5
508 916 0.5
508 1339 0.5
509 551 0.5
509 926 0.5
510 1172 0.5
511 1385 0.5
513 1351 0.5
514 699 0.5
514 791 0.5
517 746 0.5
517 1383 0.5
518 980 0.5
518 1089 0.5
518 1959 0.5
521 789 0.5
521 1242 0.5
521 1342 0.5
521 1973 0.5
522 546 0.5
522 674 0.5
522 1854 0.5
523 1010 0.5
524 1688 0.5
526 753 0.5
526 870 0.5
526 871 0.5
526 1613 0.5
527 624 0.5
527 1412 0.5
528 855 0.5
528 862 0.5
528 1098 0.5
528 1298 0.5
528 1851 0.5
531 851 0.5
531 905 0.5
531 1348 0.5
531 1434 0.5
531 1633 0.5
532 943 0.5
532 1194 0.5
532 1272 0.5
532 1524 0.5
532 1598 0.5
532 1853 0.5
533 1424 0.5
534 1128 0.5
535 763 0.5
535 1279 0.5
535 1425 0.5
535 1804 0.5
535 1811 0.5
535 1923 0.5
536 790 0.5
536 814 0.5
536 1526 0.5
536 1567 0.5
537 1664 0.5
539 1026 0.5
539 1573 0.5
542 1625 0.5
543 621 0.5
544 832 0.5
544 836 0.5
544 872 0.5
544 1093 0.5
544 1181 0.5
544 1192 0.5
544 1248 0.5
544 1299 0.5
544 1548 0.5
545 1100 0.5
545 1146 0.5
546 631 0.5
546 1854 0.5
547 1110 0.5
548 1011 0.5
549 665 0.5
549 1522 0.5
551 983 0.5
551 1373 0.5
551 1913 0.5
552 604 0.5
552 861 0.5
552 898 0.5
552 1037 0.5
552 1689 0.5
553 554 0.5
553 1555 0.5
555 993 0.5
555 1022 0.5
555 1246 0.5
555 1393 0.5
556 1142 0.5
556 1947 0.5
557 1158 0.5
558 1182 0.5
558 1673 0.5
558 1855 0.5
558 1936 0.5
561 1045 0.5
561 1140 0.5
561 1775 0.5
561 1877 0.5
562 615 0.5
562 1124 0.5
562 1653 0.5
562 1890 0.5
563 1261 0.5
563 1607 0.5
563 1758 0.5
564 583 0.5
564 657 0.5
564 707 0.5
564 1227 0.5
564 1370 0.5
568 1020 0.5
569 1543 0.5
570 910 0.5
571 1318 0.5
572 1698 0.5
573 1398 0.5
575 1354 0.5
575 1435 0.5
576 1109 0.5
576 1364 0.5
576 1631 0.5
577 1074 0.5
578 881 0.5
578 1967 0.5
582 649 0.5
583 1980 0.5
585 1501 0.5
586 661 0.5
586 731 0.5
586 761 0.5
586 1276 0.5
586 1726 0.5
587 645 0.5
588 593 0.5
588 1285 0.5
589 707 0.5
589 1027 0.5
589 1076 0.5
589 1271 0.5
589 1948 0.5
590 737 0.5
590 973 0.5
590 1244 0.5
590 1361 0.5
590 1773 0.5
591 780 0.5
591 896 0.5
591 1420 0.5
591 1702 0.5
592 1267 0.5
592 1358 0.5
592 1366 0.5
592 1742 0.5
593 597 0.5
593 614 0.5
593 788 0.5
593 1592 0.5
594 623 0.5
594 773 0.5
594 1396 0.5
595 668 0.5
595 849 0.5
595 1405 0.5
595 1757 0.5
598 1178 0.5
598 1759 0.5
599 1666 0.5
599 1901 0.5
600 1864 0.5
602 789 0.5
602 1347 0.5
602 1507 0.5
602 1615 0.5
602 1906 0.5
604 639 0.5
604 1832 0.5
605 825 0.5
605 1511 0.5
605 1666 0.5
605 1836 0.5
606 660 0.5
606 1195 0.5
607 1023 0.5
607 1155 0.5
607 1499 0.5
608 1937 0.5
609 1711 0.5
609 1917 0.5
610 680 0.5
611 837 0.5
611 1677 0.5
612 650 0.5
612 752 0.5
612 1965 0.5
613 865 0.5
615 1871 0.5
616 1070 0.5
617 1873 0.5
622 1812 0.5
623 1024 0.5
626 1807 0.5
627 655 0.5
627 663 0.5
627 990 0.5
627 1173 0.5
627 1340 0.5
627 1520 0.5
628 1213 0.5
628 1536 0.5
630 1585 0.5
631 663 0.5
632 855 0.5
632 961 0.5
632 1170 0.5
632 1459 0.5
633 980 0.5
634 684 0.5
634 1103 0.5
634 1446 0.5
635 717 0.5
635 1108 0.5
635 1506 0.5
635 1815 0.5
635 1827 0.5
636 643 0.5
636 725 0.5
640 696 0.5
640 767 0.5
640 784 0.5
640 942 0.5
640 1173 0.5
640 1903 0.5
640 1950 0.5
642 1065 0.5
643 1381 0.5
644 675 0.5
646 1108 0.5
646 1451 0.5
646 1514 0.5
646 1576 0.5
649 991 0.5
649 1138 0.5
651 1444 0.5
651 1862 0.5
651 1900 0.5
653 1086 0.5
653 1456 0.5
654 1184 0.5
655 1999 0.5
656 835 0.5
656 1978 0.5
657 1345 0.5
657 1904 0.5
658 708 0.5
658 738 0.5
658 1935 0.5
660 1725 0.5
662 812 0.5
663 1448 0.5
664 1881 0.5
665 940 0.5
665 1638 0.5
666 809 0.5
666 965 0.5
668 800 0.5
670 679 0.5
670 792 0.5
670 1938 0.5
671 736 0.5
671 1151 0.5
672 1703 0.5
674 892 0.5
674 1753 0.5
676 820 0.5
680 933 0.5
681 1855 0.5
682 1061 0.5
686 714 0.5
687 826 0.5
689 1909 0.5
690 1640 0.5
693 972 0.5
693 1265 0.5
694 1206 0.5
695 727 0.5
695 1303 0.5
695 1359 0.5
696 856 0.5
698 1218 0.5
698 1278 0.5
699 795 0.5
699 1131 0.5
699 1250 0.5
702 748 0.5
703 787 0.5
703 1023 0.5
703 1156 0.5
703 1640 0.5
703 1833 0.5
704 1504 0.5
707 1376 0.5
707 1523 0.5
707 1582 0.5
707 1638 0.5
707 1665 0.5
707 1672 0.5
707 1924 0.5
708 802 0.5
708 1281 0.5
708 1684 0.5
708 1697 0.5
710 778 0.5
714 1631 0.5
716 1196 0.5
717 893 0.5
717 1413 0.5
717 1457 0.5
718 1070 0.5
718 1113 0.5
718 1282 0.5
718 1669 0.5
718 1850 0.5
720 1345 0.5
721 1054 0.5
721 1919 0.5
722 810 0.5
722 1086 0.5
722 1176 0.5
722 1186 0.5
722 1581 0.5
722 1750 0.5
723 1035 0.5
728 863 0.5
728 1486 0.5
729 774 0.5
730 1002 0.5
733 951 0.5
733 1447 0.5
733 1888 0.5
735 742 0.5
735 1199 0.5
735 1607 0.5
738 1747 0.5
740 1922 0.5
741 843 0.5
741 1203 0.5
742 858 0.5
743 833 0.5
743 1102 0.5
743 1115 0.5
743 1449 0.5
744 902 0.5
745 941 0.5
745 1329 0.5
745 1786 0.5
745 1909 0.5
747 1107 0.5
747 1573 0.5
748 1185 0.5
748 1287 0.5
749 1133 0.5
749 1146 0.5
749 1216 0.5
749 1733 0.5
749 1989 0.5
750 1994 0.5
752 851 0.5
757 833 0.5
757 949 0.5
757 1556 0.5
757 1857 0.5
758 1056 0.5
760 1071 0.5
760 1123 0.5
760 1380 0.5
760 1964 0.5
761 1319 0.5
761 1982 0.5
762 796 0.5
762 889 0.5
762 905 0.5
762 1710 0.5
762 1848 0.5
764 1291 0.5
764 1369 0.5
764 1800 0.5
765 1803 0.5
767 928 0.5
768 1392 0.5
769 928 0.5
769 1474 0.5
770 904 0.5
770 1211 0.5
770 1856 0.5
772 1240 0.5
772 1508 0.5
773 944 0.5
774 799 0.5
776 1991 0.5
777 1224 0.5
780 1278 0.5
781 1138 0.5
781 1475 0.5
781 1751 0.5
781 1775 0.5
782 1157 0.5
782 1781 0.5
782 1933 0.5
784 1111 0.5
785 1997 0.5
786 1609 0.5
786 1630 0.5
787 828 0.5
787 1331 0.5
787 1629 0.5
788 875 0.5
788 962 0.5
788 1114 0.5
789 1639 0.5
789 1973 0.5
791 1299 0.5
792 1777 0.5
792 1967 0.5
795 887 0.5
796 1011 0.5
797 1037 0.5
800 1124 0.5
800 1940 0.5
801 1818 0.5
802 1062 0.5
803 1309 0.5
803 1442 0.5
803 1784 0.5
804 983 0.5
804 985 0.5
804 1743 0.5
804 1817 0.5
805 1004 0.5
805 1008 0.5
805 1233 0.5
806 1106 0.5
806 1384 0.5
806 1697 0.5
806 1803 0.5
808 1531 0.5
809 1067 0.5
809 1116 0.5
814 1000 0.5
814 1347 0.5
814 1701 0.5
814 1981 0.5
816 868 0.5
816 1175 0.5
816 1509 0.5
816 1699 0.5
817 987 0.5
817 1250 0.5
817 1874 0.5
822 1078 0.5
824 1189 0.5
827 1212 0.5
828 903 0.5
828 965 0.5
828 1247 0.5
828 1793 0.5
829 1217 0.5
832 916 0.5
832 1177 0.5
832 1711 0.5
833 1200 0.5
833 1353 0.5
835 898 0.5
835 1047 0.5
835 1393 0.5
835 1868 0.5
837 959 0.5
837 1017 0.5
837 1360 0.5
838 1762 0.5
840 1488 0.5
842 1053 0.5
842 1496 0.5
843 1368 0.5
843 1939 0.5
845 1521 0.5
845 1908 0.5
847 860 0.5
847 1277 0.5
848 1154 0.5
848 1231 0.5
848 1291 0.5
848 1648 0.5
848 1839 0.5
849 1252 0.5
850 1407 0.5
853 972 0.5
853 1210 0.5
853 1810 0.5
854 1629 0.5
855 862 0.5
855 1452 0.5
855 1947 0.5
856 1260 0.5
856 1593 0.5
856 1847 0.5
858 1132 0.5
858 1388 0.5
858 1832 0.5
860 1094 0.5
860 1798 0.5
860 1943 0.5
862 1851 0.5
862 1999 0.5
863 1059 0.5
863 1517 0.5
865 1931 0.5
866 998 0.5
866 1007 0.5
867 1421 0.5
868 1256 0.5
868 1699 0.5
870 912 0.5
871 1167 0.5
872 1264 0.5
875 1234 0.5
875 1794 0.5
875 1906 0.5
875 1951 0.5
876 1019 0.5
876 1929 0.5
879 1135 0.5
879 1590 0.5
881 1309 0.5
881 1891 0.5
882 1169 0.5
882 1313 0.5
883 988 0.5
883 1346 0.5
883 1605 0.5
885 1097 0.5
885 1364 0.5
887 984 0.5
887 1773 0.5
887 1976 0.5
889 1572 0.5
889 1976 0.5
892 1381 0.5
894 1814 0.5
895 1694 0.5
896 1827 0.5
897 959 0.5
898 1475 0.5
898 1844 0.5
899 1398 0.5
900 1071 0.5
901 1268 0.5
903 1074 0.5
904 1009 0.5
904 1081 0.5
904 1207 0.5
913 1106 0.5
913 1249 0.5
918 1032 0.5
918 1593 0.5
922 1236 0.5
922 1471 0.5
923 1143 0.5
923 1988 0.5
927 1576 0.5
930 1293 0.5
934 1338 0.5
936 1168 0.5
937 1858 0.5
938 1120 0.5
940 1712 0.5
941 1234 0.5
943 1797 0.5
944 1055 0.5
944 1057 0.5
946 1143 0.5
946 1830 0.5
947 1612 0.5
948 1822 0.5
950 1330 0.5
950 1502 0.5
950 1804 0.5
951 1029 0.5
951 1206 0.5
951 1650 0.5
952 1082 0.5
952 1126 0.5
952 1396 0.5
954 1986 0.5
956 1944 0.5
957 1201 0.5
957 1616 0.5
957 1708 0.5
958 1892 0.5
960 1092 0.5
961 1926 0.5
962 1029 0.5
962 1265 0.5
962 1447 0.5
962 1678 0.5
963 968 0.5
963 1537 0.5
963 1695 0.5
965 1389 0.5
969 1286 0.5
970 1292 0.5
970 1668 0.5
971 1297 0.5
971 1302 0.5
971 1872 0.5
972 1152 0.5
973 1125 0.5
975 1884 0.5
976 1056 0.5
977 1846 0.5
978 1341 0.5
980 1840 0.5
981 1269 0.5
981 1903 0.5
982 1103 0.5
984 1957 0.5
989 1140 0.5
990 1992 0.5
994 1758 0.5
994 1802 0.5
996 1039 0.5
996 1052 0.5
996 1155 0.5
996 1603 0.5
997 1756 0.5
1000 1033 0.5
1000 1647 0.5
1001 1005 0.5
1001 1232 0.5
1001 1239 0.5
1001 1344 0.5
1001 1362 0.5
1001 1730 0.5
1001 1739 0.5
1005 1453 0.5
1006 1476 0.5
1007 1315 0.5
1009 1081 0.5
1010 1635 0.5
1011 1622 0.5
1013 1873 0.5
1014 1878 0.5
1015 1926 0.5
1021 1253 0.5
1021 1288 0.5
1021 1293 0.5
1022 1160 0.5
1025 1703 0.5
1025 1912 0.5
1028 1542 0.5
1028 1764 0.5
1029 1397 0.5
1029 1634 0.5
1030 1251 0.5
1032 1246 0.5
1032 1599 0.5
1032 1791 0.5
1036 1749 0.5
1037 1219 0.5
1038 1096 0.5
1038 1770 0.5
1039 1133 0.5
1039 1516 0.5
1040 1268 0.5
1040 1494 0.5
1042 1870 0.5
1043 1091 0.5
1043 1943 0.5
1046 1324 0.5
1046 1532 0.5
1046 1946 0.5
1049 1149 0.5
1049 1394 0.5
1049 1746 0.5
1049 1795 0.5
1051 1466 0.5
1058 1370 0.5
1058 1557 0.5
1058 1810 0.5
1061 1741 0.5
1062 1569 0.5
1064 1328 0.5
1064 1769 0.5
1069 1483 0.5
1071 1123 0.5
1071 1745 0.5
1072 1625 0.5
1072 1809 0.5
1073 1259 0.5
1075 1334 0.5
1076 1651 0.5
1079 1162 0.5
1079 1617 0.5
1079 1970 0.5
1080 1167 0.5
1081 1709 0.5
1081 1890 0.5
1082 1126 0.5
1083 1228 0.5
1084 1528 0.5
1086 1112 0.5
1087 1614 0.5
1091 1144 0.5
1091 1505 0.5
1091 1755 0.5
1094 1786 0.5
1095 1517 0.5
1095 1595 0.5
1096 1923 0.5
1097 1270 0.5
1097 1427 0.5
1100 1401 0.5
1101 1894 0.5
1106 1482 0.5
1106 1674 0.5
1106 1718 0.5
1111 1132 0.5
1111 1319 0.5
1114 1395 0.5
1115 1308 0.5
1117 1166 0.5
1119 1474 0.5
1121 1902 0.5
1121 1932 0.5
1124 1346 0.5
1124 1416 0.5
1124 1779 0.5
1126 1801 0.5
1131 1554 0.5
1131 1671 0.5
1131 1869 0.5
1136 1351 0.5
1136 1583 0.5
1136 1597 0.5
1136 1723 0.5
1136 1917 0.5
1143 1646 0.5
1146 1217 0.5
1146 1771 0.5
1146 1857 0.5
1148 1900 0.5
1149 1746 0.5
1158 1682 0.5
1160 1235 0.5
1160 1327 0.5
1164 1220 0.5
1166 1289 0.5
1168 1467 0.5
1172 1579 0.5
1176 1186 0.5
1177 1661 0.5
1183 1845 0.5
1183 1956 0.5
1185 1626 0.5
1187 1300 0.5
1190 1336 0.5
1190 1518 0.5
1190 1674 0.5
1190 1818 0.5
1200 1921 0.5
1203 1700 0.5
1207 1527 0.5
1207 1930 0.5
1213 1339 0.5
1213 1764 0.5
1215 1858 0.5
1216 1693 0.5
1216 1729 0.5
1218 1503 0.5
1218 1748 0.5
1218 1850 0.5
1224 1274 0.5
1230 1387 0.5
1232 1338 0.5
1235 1498 0.5
1235 1741 0.5
1236 1303 0.5
1238 1859 0.5
1239 1768 0.5
1250 1551 0.5
1250 1623 0.5
1253 1939 0.5
1257 1608 0.5
1261 1651 0.5
1262 1806 0.5
1263 1865 0.5
1264 1807 0.5
1267 1624 0.5
1276 1660 0.5
1277 1400 0.5
1278 1570 0.5
1278 1578 0.5
1279 1657 0.5
1280 1360 0.5
1281 1371 0.5
1281 1397 0.5
1282 1642 0.5
1288 1627 0.5
1288 1831 0.5
1291 1751 0.5
1297 1485 0.5
1300 1449 0.5
1300 1968 0.5
1301 1934 0.5
1302 1819 0.5
1303 1394 0.5
1305 1554 0.5
1306 1733 0.5
1308 1750 0.5
1309 1683 0.5
1311 1577 0.5
1316 1510 0.5
1316 1553 0.5
1318 1387 0.5
1318 1432 0.5
1318 1678 0.5
1319 1441 0.5
1319 1686 0.5
1320 1619 0.5
1320 1907 0.5
1320 1925 0.5
1321 1333 0.5
1321 1508 0.5
1322 1485 0.5
1322 1549 0.5
1324 1761 0.5
1324 1992 0.5
1329 1372 0.5
1330 1619 0.5
1330 1862 0.5
1331 1372 0.5
1332 1918 0.5
1333 1399 0.5
1335 1622 0.5
1337 1367 0.5
1340 1841 0.5
1340 1863 0.5
1341 1368 0.5
1346 1963 0.5
1350 1664 0.5
1351 1522 0.5
1351 1859 0.5
1352 1721 0.5
1352 1824 0.5
1354 1489 0.5
1354 1954 0.5
1358 1603 0.5
1358 1737 0.5
1359 1905 0.5
1362 1687 0.5
1363 1642 0.5
1364 1808 0.5
1365 1408 0.5
1368 1645 0.5
1372 1530 0.5
1379 1611 0.5
1379 1722 0.5
1381 1930 0.5
1384 1386 0.5
1384 1656 0.5
1384 1789 0.5
1386 1592 0.5
1387 1663 0.5
1390 1658 0.5
1392 1479 0.5
1396 1574 0.5
1396 1681 0.5
1404 1465 0.5
1404 1500 0.5
1406 1809 0.5
1406 1816 0.5
1411 1830 0.5
1413 1938 0.5
1415 1655 0.5
1424 1513 0.5
1425 1587 0.5
1426 1882 0.5
1427 1627 0.5
1430 1473 0.5
1432 1444 0.5
1432 1701 0.5
1432 1904 0.5
1434 1637 0.5
1436 1972 0.5
1437 1552 0.5
1438 1671 0.5
1444 1450 0.5
1445 1762 0.5
1446 1995 0.5
1448 1461 0.5
1448 1558 0.5
1448 1937 0.5
1456 1652 0.5
1456 1685 0.5
1459 1899 0.5
1459 1910 0.5
1462 1584 0.5
1465 1500 0.5
1465 1902 0.5
1471 1896 0.5
1485 1835 0.5
1492 1677 0.5
1494 1889 0.5
1496 1654 0.5
1497 1717 0.5
1507 1560 0.5
1514 1988 0.5
1519 1787 0.5
1523 1778 0.5
1531 1898 0.5
1533 1834 0.5
1536 1828 0.5
1537 1911 0.5
1542 1793 0.5
1542 1984 0.5
1546 1776 0.5
1548 1893 0.5
1554 1660 0.5
1559 1577 0.5
1566 1788 0.5
1570 1694 0.5
1573 1707 0.5
1578 1712 0.5
1578 1885 0.5
1580 1792 0.5
1583 1871 0.5
1583 1979 0.5
1585 1761 0.5
1587 1624 0.5
1588 1892 0.5
1591 1982 0.5
1601 1628 0.5
1610 1736 0.5
1611 1800 0.5
1611 1824 0.5
1618 1770 0.5
1619 1866 0.5
1626 1641 0.5
1628 1713 0.5
1631 1759 0.5
1632 1821 0.5
1637 1953 0.5
1639 1654 0.5
1639 1795 0.5
1639 1813 0.5
1641 1875 0.5
1649 1655 0.5
1650 1971 0.5
1651 1662 0.5
1651 1952 0.5
1661 1916 0.5
1670 1961 0.5
1674 1718 0.5
1675 1740 0.5
1677 1706 0.5
1687 1826 0.5
1697 1731 0.5
1697 1825 0.5
1700 1767 0.5
1740 1920 0.5
1763 1893 0.5
1763 1901 0.5
1763 1977 0.5
1773 1774 0.5
1773 1920 0.5
1782 1998 0.5
1791 1983 0.5
1826 1975 0.5
1834 1954 0.5
1837 1958 0.5
1861 1985 0.5
1872 1898 0.5
1878 1941 0.5
1892 1895 0.5
1901 1977 0.5
