0 2 0.5
0 4 0.5
0 22 0.5
0 25 0.5
0 113 0.5
0 130 0.5
0 161 0.5
0 272 0.5
0 328 0.5
0 398 0.5
0 408 0.5
0 460 0.5
0 571 0.5
0 725 0.5
0 1316 0.5
0 1335 0.5
0 1453 0.5
0 1707 0.5
0 1991 0.5
0 2378 0.5
0 2403 0.5
0 2414 0.5
0 2531 0.5
0 2542 0.5
0 2731 0.5
0 2908 0.5
0 2926 0.5
0 2962 0.5
1 2 0.5
1 3 0.5
1 4 0.5
1 5 0.5
1 8 0.5
1 9 0.5
1 10 0.5
1 11 0.5
1 13 0.5
1 15 0.5
1 16 0.5
1 21 0.5
1 23 0.5
1 24 0.5
1 30 0.5
1 34 0.5
1 37 0.5
1 42 0.5
1 50 0.5
1 51 0.5
1 61 0.5
1 64 0.5
1 67 0.5
1 73 0.5
1 79 0.5
1 80 0.5
1 82 0.5
1 86 0.5
1 92 0.5
1 97 0.5
1 119 0.5
1 121 0.5
1 129 0.5
1 138 0.5
1 150 0.5
1 157 0.5
1 160 0.5
1 161 0.5
1 167 0.5
1 174 0.5
1 176 0.5
1 191 0.5
1 196 0.5
1 208 0.5
1 216 0.5
1 220 0.5
1 223 0.5
1 228 0.5
1 259 0.5
1 262 0.5
1 268 0.5
1 309 0.5
1 326 0.5
1 331 0.5
1 336 0.5
1 342 0.5
1 345 0.5
1 349 0.5
1 350 0.5
1 353 0.5
1 368 0.5
1 379 0.5
1 383 0.5
1 387 0.5
1 391 0.5
1 417 0.5
1 426 0.5
1 452 0.5
1 455 0.5
1 486 0.5
1 503 0.5
1 507 0.5
1 511 0.5
1 521 0.5
1 552 0.5
1 554 0.5
1 577 0.5
1 592 0.5
1 624 0.5
1 645 0.5
1 660 0.5
1 669 0.5
1 682 0.5
1 689 0.5
1 708 0.5
1 724 0.5
1 730 0.5
1 754 0.5
1 790 0.5
1 809 0.5
1 812 0.5
1 815 0.5
1 816 0.5
1 839 0.5
1 868 0.5
1 899 0.5
1 908 0.5
1 979 0.5
1 980 0.5
1 985 0.5
1 1008 0.5
1 1017 0.5
1 1019 0.5
1 1025 0.5
1 1055 0.5
1 1090 0.5
1 1099 0.5
1 1111 0.5
1 1123 0.5
1 1130 0.5
1 1165 0.5
1 1188 0.5
1 1194 0.5
1 1196 0.5
1 1197 0.5
1 1222 0.5
1 1231 0.5
1 1256 0.5
1 1275 0.5
1 1292 0.5
1 1304 0.5
1 1311 0.5
1 1319 0.5
1 1377 0.5
1 1379 0.5
1 1413 0.5
1 1418 0.5
1 1419 0.5
1 1431 0.5
1 1500 0.5
1 1504 0.5
1 1510 0.5
1 1511 0.5
1 1527 0.5
1 1537 0.5
1 1566 0.5
1 1722 0.5
1 1723 0.5
1 1725 0.5
1 1732 0.5
1 1768 0.5
1 1778 0.5
1 1781 0.5
1 1801 0.5
1 1813 0.5
1 1823 0.5
1 1827 0.5
1 1839 0.5
1 1853 0.5
1 1875 0.5
1 1888 0.5
1 1959 0.5
1 1969 0.5
1 2027 0.5
1 2072 0.5
1 2084 0.5
1 2085 0.5
1 2100 0.5
1 2141 0.5
1 2151 0.5
1 2180 0.5
1 2185 0.5
1 2186 0.5
1 2216 0.5
1 2221 0.5
1 2233 0.5
1 2238 0.5
1 2244 0.5
1 2250 0.5
1 2255 0.5
1 2267 0.5
1 2281 0.5
1 2292 0.5
1 2309 0.5
1 2368 0.5
1 2375 0.5
1 2421 0.5
1 2431 0.5
1 2433 0.5
1 2437 0.5
1 2440 0.5
1 2454 0.5
1 2465 0.5
1 2501 0.5
1 2570 0.5
1 2587 0.5
1 2594 0.5
1 2608 0.5
1 2612 0.5
1 2704 0.5
1 2709 0.5
1 2778 0.5
1 2789 0.5
1 2821 0.5
1 2844 0.5
1 2850 0.5
1 2855 0.5
1 2879 0.5
1 2888 0.5
1 2953 0.5
1 2980 0.5
1 2984 0.5
1 2987 0.5
2 3 0.5
2 7 0.5
2 8 0.5
2 40 0.5
2 91 0.5
2 109 0.5
2 124 0.5
2 146 0.5
2 206 0.5
2 303 0.5
2 304 0.5
2 335 0.5
2 365 0.5
2 417 0.5
2 509 0.5
2 596 0.5
2 636 0.5
2 657 0.5
2 742 0.5
2 759 0.5
2 760 0.5
2 814 0.5
2 949 0.5
2 993 0.5
2 1064 0.5
2 1459 0.5
2 1478 0.5
2 1541 0.5
2 1752 0.5
2 1776 0.5
2 1798 0.5
2 1838 0.5
2 1963 0.5
2 2031 0.5
2 2114 0.5
2 2174 0.5
2 2409 0.5
2 2643 0.5
2 2649 0.5
2 2658 0.5
2 2712 0.5
2 2846 0.5
2 2946 0.5
3 6 0.5
3 9 0.5
3 12 0.5
3 31 0.5
3 35 0.5
3 37 0.5
3 38 0.5
3 74 0.5
3 103 0.5
3 147 0.5
3 190 0.5
3 196 0.5
3 205 0.5
3 344 0.5
3 346 0.5
3 376 0.5
3 537 0.5
3 578 0.5
3 734 0.5
3 960 0.5
3 1253 0.5
3 1344 0.5
3 1355 0.5
3 1377 0.5
3 1561 0.5
3 1715 0.5
3 1742 0.5
3 1791 0.5
3 1879 0.5
3 2014 0.5
3 2038 0.5
3 2043 0.5
3 2051 0.5
3 2066 0.5
3 2170 0.5
3 2335 0.5
3 2611 0.5
3 2665 0.5
3 2698 0.5
3 2850 0.5
4 5 0.5
4 17 0.5
4 26 0.5
4 27 0.5
4 28 0.5
4 29 0.5
4 43 0.5
4 46 0.5
4 52 0.5
4 53 0.5
4 56 0.5
4 72 0.5
4 78 0.5
4 83 0.5
4 88 0.5
4 89 0.5
4 90 0.5
4 101 0.5
4 114 0.5
4 120 0.5
4 123 0.5
4 128 0.5
4 133 0.5
4 148 0.5
4 238 0.5
4 242 0.5
4 247 0.5
4 276 0.5
4 372 0.5
4 373 0.5
4 375 0.5
4 435 0.5
4 439 0.5
4 532 0.5
4 534 0.5
4 647 0.5
4 706 0.5
4 722 0.5
4 860 0.5
4 880 0.5
4 899 0.5
4 1110 0.5
4 1229 0.5
4 1283 0.5
4 1412 0.5
4 1418 0.5
4 1429 0.5
4 1506 0.5
4 1511 0.5
4 1536 0.5
4 1540 0.5
4 1770 0.5
4 1845 0.5
4 1945 0.5
4 1967 0.5
4 2099 0.5
4 2323 0.5
4 2545 0.5
4 2664 0.5
4 2701 0.5
4 2724 0.5
4 2827 0.5
4 2861 0.5
5 6 0.5
5 7 0.5
5 10 0.5
5 11 0.5
5 15 0.5
5 23 0.5
5 29 0.5
5 49 0.5
5 108 0.5
5 120 0.5
5 129 0.5
5 133 0.5
5 159 0.5
5 224 0.5
5 227 0.5
5 231 0.5
5 283 0.5
5 288 0.5
5 306 0.5
5 350 0.5
5 428 0.5
5 439 0.5
5 547 0.5
5 679 0.5
5 695 0.5
5 749 0.5
5 773 0.5
5 810 0.5
5 811 0.5
5 851 0.5
5 894 0.5
5 904 0.5
5 929 0.5
5 1081 0.5
5 1102 0.5
5 1209 0.5
5 1216 0.5
5 1257 0.5
5 1306 0.5
5 1466 0.5
5 1804 0.5
5 1863 0.5
5 1869 0.5
5 1919 0.5
5 1940 0.5
5 2058 0.5
5 2128 0.5
5 2166 0.5
5 2314 0.5
5 2463 0.5
5 2580 0.5
5 2585 0.5
5 2712 0.5
5 2869 0.5
5 2905 0.5
5 2926 0.5
5 2932 0.5
6 13 0.5
6 14 0.5
6 18 0.5
6 22 0.5
6 32 0.5
6 34 0.5
6 44 0.5
6 45 0.5
6 54 0.5
6 64 0.5
6 66 0.5
6 74 0.5
6 94 0.5
6 112 0.5
6 118 0.5
6 122 0.5
6 179 0.5
6 182 0.5
6 226 0.5
6 260 0.5
6 268 0.5
6 277 0.5
6 285 0.5
6 290 0.5
6 301 0.5
6 330 0.5
6 347 0.5
6 359 0.5
6 408 0.5
6 514 0.5
6 533 0.5
6 600 0.5
6 646 0.5
6 678 0.5
6 694 0.5
6 705 0.5
6 717 0.5
6 739 0.5
6 748 0.5
6 758 0.5
6 1002 0.5
6 1027 0.5
6 1082 0.5
6 1095 0.5
6 1141 0.5
6 1159 0.5
6 1325 0.5
6 1360 0.5
6 1446 0.5
6 1479 0.5
6 1513 0.5
6 1520 0.5
6 1672 0.5
6 1687 0.5
6 1701 0.5
6 1734 0.5
6 1754 0.5
6 1769 0.5
6 1790 0.5
6 1791 0.5
6 1851 0.5
6 2070 0.5
6 2092 0.5
6 2249 0.5
6 2289 0.5
6 2336 0.5
6 2372 0.5
6 2387 0.5
6 2453 0.5
6 2495 0.5
6 2512 0.5
6 2530 0.5
6 2591 0.5
6 2757 0.5
6 2885 0.5
6 2891 0.5
7 12 0.5
7 14 0.5
7 19 0.5
7 20 0.5
7 45 0.5
7 60 0.5
7 71 0.5
7 76 0.5
7 89 0.5
7 106 0.5
7 159 0.5
7 169 0.5
7 194 0.5
7 217 0.5
7 239 0.5
7 248 0.5
7 273 0.5
7 354 0.5
7 443 0.5
7 476 0.5
7 482 0.5
7 499 0.5
7 535 0.5
7 820 0.5
7 902 0.5
7 974 0.5
7 1046 0.5
7 1083 0.5
7 1137 0.5
7 1368 0.5
7 1382 0.5
7 1467 0.5
7 1515 0.5
7 1518 0.5
7 1572 0.5
7 1592 0.5
7 1608 0.5
7 1612 0.5
7 1631 0.5
7 1779 0.5
7 1837 0.5
7 1998 0.5
7 2054 0.5
7 2116 0.5
7 2226 0.5
7 2324 0.5
7 2478 0.5
7 2515 0.5
7 2556 0.5
7 2607 0.5
7 2763 0.5
7 2856 0.5
8 19 0.5
8 20 0.5
8 419 0.5
8 644 0.5
8 660 0.5
8 787 0.5
8 808 0.5
8 883 0.5
8 898 0.5
8 1056 0.5
8 1656 0.5
8 1678 0.5
8 1681 0.5
8 1817 0.5
8 1874 0.5
8 2877 0.5
9 39 0.5
9 155 0.5
9 165 0.5
9 470 0.5
9 486 0.5
9 589 0.5
9 1498 0.5
9 1663 0.5
9 2196 0.5
9 2534 0.5
9 2650 0.5
10 26 0.5
10 30 0.5
10 33 0.5
10 58 0.5
10 132 0.5
10 234 0.5
10 252 0.5
10 289 0.5
10 305 0.5
10 314 0.5
10 368 0.5
10 433 0.5
10 440 0.5
10 441 0.5
10 481 0.5
10 574 0.5
10 619 0.5
10 736 0.5
10 954 0.5
10 996 0.5
10 1020 0.5
10 1058 0.5
10 1064 0.5
10 1144 0.5
10 1183 0.5
10 1351 0.5
10 1400 0.5
10 1445 0.5
10 1548 0.5
10 1661 0.5
10 1670 0.5
10 1871 0.5
10 1909 0.5
10 1927 0.5
10 2227 0.5
10 2333 0.5
10 2416 0.5
10 2475 0.5
10 2617 0.5
10 2797 0.5
10 2889 0.5
10 2934 0.5
11 16 0.5
11 21 0.5
11 44 0.5
11 157 0.5
11 166 0.5
11 177 0.5
11 180 0.5
11 352 0.5
11 400 0.5
11 403 0.5
11 434 0.5
11 467 0.5
11 535 0.5
11 563 0.5
11 601 0.5
11 615 0.5
11 643 0.5
11 644 0.5
11 653 0.5
11 828 0.5
11 837 0.5
11 874 0.5
11 913 0.5
11 917 0.5
11 999 0.5
11 1013 0.5
11 1157 0.5
11 1217 0.5
11 1324 0.5
11 1437 0.5
11 1444 0.5
11 1458 0.5
11 1459 0.5
11 1495 0.5
11 1516 0.5
11 1687 0.5
11 1859 0.5
11 1877 0.5
11 2069 0.5
11 2574 0.5
11 2644 0.5
11 2833 0.5
11 2840 0.5
11 2960 0.5
12 17 0.5
12 35 0.5
12 72 0.5
12 75 0.5
12 187 0.5
12 212 0.5
12 311 0.5
12 320 0.5
12 322 0.5
12 366 0.5
12 474 0.5
12 617 0.5
12 628 0.5
12 668 0.5
12 750 0.5
12 753 0.5
12 823 0.5
12 833 0.5
12 869 0.5
12 891 0.5
12 925 0.5
12 984 0.5
12 1034 0.5
12 1174 0.5
12 1207 0.5
12 1240 0.5
12 1269 0.5
12 1573 0.5
12 1628 0.5
12 1693 0.5
12 1841 0.5
12 2028 0.5
12 2056 0.5
12 2137 0.5
12 2143 0.5
12 2243 0.5
12 2273 0.5
12 2288 0.5
12 2364 0.5
12 2382 0.5
12 2443 0.5
12 2577 0.5
12 2852 0.5
13 18 0.5
13 25 0.5
13 42 0.5
13 46 0.5
13 61 0.5
13 69 0.5
13 86 0.5
13 88 0.5
13 144 0.5
13 149 0.5
13 182 0.5
13 188 0.5
13 198 0.5
13 203 0.5
13 211 0.5
13 230 0.5
13 296 0.5
13 353 0.5
13 384 0.5
13 437 0.5
13 474 0.5
13 488 0.5
13 494 0.5
13 586 0.5
13 642 0.5
13 670 0.5
13 702 0.5
13 791 0.5
13 815 0.5
13 867 0.5
13 868 0.5
13 872 0.5
13 940 0.5
13 994 0.5
13 1119 0.5
13 1137 0.5
13 1147 0.5
13 1201 0.5
13 1273 0.5
13 1304 0.5
13 1310 0.5
13 1399 0.5
13 1758 0.5
13 1895 0.5
13 1990 0.5
13 2132 0.5
13 2172 0.5
13 2243 0.5
13 2252 0.5
13 2282 0.5
13 2336 0.5
13 2426 0.5
13 2436 0.5
13 2514 0.5
13 2624 0.5
13 2718 0.5
13 2720 0.5
13 2753 0.5
13 2808 0.5
13 2812 0.5
13 2849 0.5
13 2924 0.5
13 2974 0.5
13 2975 0.5
14 41 0.5
14 63 0.5
14 68 0.5
14 110 0.5
14 360 0.5
14 631 0.5
14 752 0.5
14 1011 0.5
14 1075 0.5
14 1253 0.5
14 1265 0.5
14 1464 0.5
14 1516 0.5
14 1689 0.5
14 1833 0.5
14 2077 0.5
14 2143 0.5
14 2148 0.5
15 175 0.5
15 239 0.5
15 243 0.5
15 258 0.5
15 446 0.5
15 612 0.5
15 729 0.5
15 822 0.5
15 1090 0.5
15 1132 0.5
15 1414 0.5
15 1487 0.5
15 1821 0.5
15 1866 0.5
15 2754 0.5
15 2860 0.5
15 2933 0.5
16 93 0.5
16 113 0.5
16 339 0.5
16 432 0.5
16 621 0.5
16 647 0.5
16 1721 0.5
16 2274 0.5
16 2766 0.5
16 2967 0.5
17 24 0.5
17 77 0.5
17 183 0.5
17 205 0.5
17 228 0.5
17 234 0.5
17 241 0.5
17 287 0.5
17 300 0.5
17 311 0.5
17 320 0.5
17 324 0.5
17 333 0.5
17 404 0.5
17 462 0.5
17 529 0.5
17 817 0.5
17 890 0.5
17 901 0.5
17 1126 0.5
17 1403 0.5
17 1436 0.5
17 1579 0.5
17 1720 0.5
17 1729 0.5
17 2028 0.5
17 2505 0.5
17 2537 0.5
17 2660 0.5
17 2750 0.5
17 2996 0.5
18 55 0.5
18 85 0.5
18 150 0.5
18 524 0.5
18 763 0.5
18 896 0.5
18 1032 0.5
18 1197 0.5
18 1381 0.5
18 1574 0.5
18 1632 0.5
18 1963 0.5
19 105 0.5
19 108 0.5
19 131 0.5
19 218 0.5
19 280 0.5
19 537 0.5
19 744 0.5
19 1105 0.5
19 1635 0.5
19 2875 0.5
20 27 0.5
20 36 0.5
20 47 0.5
20 91 0.5
20 203 0.5
20 293 0.5
20 367 0.5
20 555 0.5
20 624 0.5
20 732 0.5
20 873 0.5
20 946 0.5
20 1055 0.5
20 1136 0.5
20 1161 0.5
20 1204 0.5
20 2325 0.5
21 54 0.5
21 67 0.5
21 76 0.5
21 97 0.5
21 109 0.5
21 111 0.5
21 126 0.5
21 242 0.5
21 290 0.5
21 295 0.5
21 312 0.5
21 395 0.5
21 482 0.5
21 492 0.5
21 651 0.5
21 819 0.5
21 932 0.5
21 1010 0.5
21 1151 0.5
21 1210 0.5
21 1417 0.5
21 1440 0.5
21 1808 0.5
21 1903 0.5
21 1935 0.5
21 1950 0.5
21 2022 0.5
21 2063 0.5
21 2092 0.5
21 2187 0.5
21 2318 0.5
21 2417 0.5
21 2455 0.5
21 2639 0.5
21 2676 0.5
21 2728 0.5
21 2811 0.5
21 2880 0.5
21 2916 0.5
22 32 0.5
22 49 0.5
22 85 0.5
22 121 0.5
22 127 0.5
22 232 0.5
22 257 0.5
22 433 0.5
22 459 0.5
22 546 0.5
22 889 0.5
22 924 0.5
22 949 0.5
22 1036 0.5
22 1391 0.5
22 1452 0.5
22 1974 0.5
22 2136 0.5
22 2206 0.5
22 2233 0.5
22 2348 0.5
22 2552 0.5
22 2722 0.5
22 2784 0.5
23 28 0.5
23 31 0.5
23 41 0.5
23 57 0.5
23 71 0.5
23 124 0.5
23 142 0.5
23 168 0.5
23 171 0.5
23 197 0.5
23 209 0.5
23 334 0.5
23 374 0.5
23 378 0.5
23 562 0.5
23 565 0.5
23 776 0.5
23 936 0.5
23 972 0.5
23 983 0.5
23 1145 0.5
23 1345 0.5
23 1397 0.5
23 1523 0.5
23 1908 0.5
23 2006 0.5
23 2041 0.5
23 2232 0.5
23 2609 0.5
23 2627 0.5
23 2759 0.5
23 2764 0.5
24 795 0.5
24 1050 0.5
25 173 0.5
26 33 0.5
26 186 0.5
26 256 0.5
26 369 0.5
26 890 0.5
27 38 0.5
27 40 0.5
27 48 0.5
27 57 0.5
27 59 0.5
27 65 0.5
27 77 0.5
27 115 0.5
27 118 0.5
27 131 0.5
27 146 0.5
27 194 0.5
27 204 0.5
27 359 0.5
27 406 0.5
27 426 0.5
27 468 0.5
27 489 0.5
27 762 0.5
27 855 0.5
27 897 0.5
27 1088 0.5
27 1242 0.5
27 1338 0.5
27 1348 0.5
27 1434 0.5
27 1526 0.5
27 1541 0.5
27 1542 0.5
27 1565 0.5
27 1876 0.5
27 2012 0.5
27 2155 0.5
27 2220 0.5
27 2258 0.5
27 2548 0.5
27 2596 0.5
27 2699 0.5
27 2852 0.5
27 2930 0.5
28 152 0.5
28 373 0.5
28 674 0.5
28 878 0.5
28 1091 0.5
28 1251 0.5
28 1372 0.5
28 1505 0.5
28 1512 0.5
28 1849 0.5
28 2033 0.5
28 2249 0.5
28 2392 0.5
28 2706 0.5
28 2782 0.5
28 2822 0.5
29 235 0.5
29 707 0.5
29 1481 0.5
29 2601 0.5
30 98 0.5
30 178 0.5
30 187 0.5
30 188 0.5
30 225 0.5
30 236 0.5
30 355 0.5
30 446 0.5
30 495 0.5
30 514 0.5
30 527 0.5
30 1016 0.5
30 1053 0.5
30 1254 0.5
30 1393 0.5
30 1406 0.5
30 1412 0.5
30 1501 0.5
30 1757 0.5
30 1840 0.5
30 2195 0.5
30 2776 0.5
31 143 0.5
32 50 0.5
32 55 0.5
32 81 0.5
32 99 0.5
32 100 0.5
32 179 0.5
32 202 0.5
32 215 0.5
32 249 0.5
32 284 0.5
32 337 0.5
32 364 0.5
32 398 0.5
32 400 0.5
32 448 0.5
32 551 0.5
32 552 0.5
32 561 0.5
32 573 0.5
32 582 0.5
32 613 0.5
32 625 0.5
32 717 0.5
32 848 0.5
32 1028 0.5
32 1237 0.5
32 1355 0.5
32 1369 0.5
32 1443 0.5
32 1543 0.5
32 1608 0.5
32 1805 0.5
32 1811 0.5
32 1816 0.5
32 1905 0.5
32 1968 0.5
32 2131 0.5
32 2209 0.5
32 2299 0.5
32 2795 0.5
32 2902 0.5
32 2991 0.5
33 36 0.5
33 58 0.5
33 82 0.5
33 135 0.5
33 235 0.5
33 251 0.5
33 255 0.5
33 291 0.5
33 294 0.5
33 308 0.5
33 503 0.5
33 510 0.5
33 553 0.5
33 657 0.5
33 915 0.5
33 941 0.5
33 956 0.5
33 1058 0.5
33 1139 0.5
33 1154 0.5
33 1416 0.5
33 1451 0.5
33 1503 0.5
33 1549 0.5
33 1727 0.5
33 1782 0.5
33 1843 0.5
33 1919 0.5
33 1962 0.5
33 2106 0.5
33 2379 0.5
33 2469 0.5
33 2668 0.5
33 2695 0.5
33 2862 0.5
34 48 0.5
34 84 0.5
34 152 0.5
34 184 0.5
34 206 0.5
34 207 0.5
34 243 0.5
34 415 0.5
34 442 0.5
34 451 0.5
34 475 0.5
34 549 0.5
34 769 0.5
34 791 0.5
34 917 0.5
34 1004 0.5
34 1066 0.5
34 1163 0.5
34 1167 0.5
34 1540 0.5
34 1554 0.5
34 1731 0.5
34 1882 0.5
34 2102 0.5
34 2176 0.5
34 2403 0.5
34 2416 0.5
34 2430 0.5
34 2884 0.5
34 2992 0.5
35 198 0.5
35 1476 0.5
36 39 0.5
36 47 0.5
36 52 0.5
36 81 0.5
36 90 0.5
36 136 0.5
36 189 0.5
36 192 0.5
36 201 0.5
36 227 0.5
36 371 0.5
36 387 0.5
36 481 0.5
36 581 0.5
36 632 0.5
36 651 0.5
36 821 0.5
36 839 0.5
36 889 0.5
36 938 0.5
36 986 0.5
36 1074 0.5
36 1085 0.5
36 1204 0.5
36 1334 0.5
36 1345 0.5
36 1512 0.5
36 1762 0.5
36 1775 0.5
36 1957 0.5
36 2026 0.5
36 2117 0.5
36 2189 0.5
36 2278 0.5
36 2384 0.5
36 2464 0.5
36 2604 0.5
36 2713 0.5
36 2767 0.5
36 2858 0.5
37 87 0.5
37 208 0.5
37 892 0.5
37 1460 0.5
38 43 0.5
38 51 0.5
38 56 0.5
38 75 0.5
38 147 0.5
38 201 0.5
38 215 0.5
38 224 0.5
38 419 0.5
38 423 0.5
38 443 0.5
38 445 0.5
38 554 0.5
38 816 0.5
38 861 0.5
38 903 0.5
38 1079 0.5
38 1083 0.5
38 1097 0.5
38 1235 0.5
38 1323 0.5
38 1488 0.5
38 1523 0.5
38 1571 0.5
38 1740 0.5
38 1784 0.5
38 1827 0.5
38 1877 0.5
38 1987 0.5
38 2059 0.5
38 2157 0.5
38 2213 0.5
38 2295 0.5
38 2310 0.5
38 2469 0.5
38 2578 0.5
38 2787 0.5
39 165 0.5
39 513 0.5
39 616 0.5
39 1295 0.5
39 1332 0.5
39 1393 0.5
40 231 0.5
40 244 0.5
40 341 0.5
40 1215 0.5
40 1610 0.5
40 1989 0.5
40 2047 0.5
40 2210 0.5
40 2446 0.5
40 2636 0.5
41 117 0.5
41 688 0.5
41 948 0.5
41 2557 0.5
42 53 0.5
42 162 0.5
42 186 0.5
42 296 0.5
42 357 0.5
42 613 0.5
42 735 0.5
42 1860 0.5
42 2366 0.5
43 63 0.5
43 111 0.5
43 151 0.5
43 380 0.5
43 396 0.5
43 539 0.5
43 627 0.5
43 805 0.5
43 1242 0.5
43 1280 0.5
43 1441 0.5
43 1545 0.5
43 1596 0.5
43 1937 0.5
43 2045 0.5
43 2963 0.5
44 212 0.5
44 705 0.5
44 780 0.5
44 835 0.5
45 99 0.5
45 164 0.5
45 181 0.5
45 221 0.5
45 253 0.5
45 263 0.5
45 603 0.5
45 616 0.5
45 704 0.5
45 777 0.5
45 935 0.5
45 1397 0.5
45 2694 0.5
45 2893 0.5
46 436 0.5
46 2660 0.5
46 2841 0.5
47 65 0.5
47 92 0.5
47 95 0.5
47 490 0.5
47 511 0.5
47 696 0.5
47 856 0.5
47 1376 0.5
47 1534 0.5
47 1780 0.5
47 2494 0.5
47 2653 0.5
48 70 0.5
48 95 0.5
48 155 0.5
48 181 0.5
48 211 0.5
48 421 0.5
48 592 0.5
48 687 0.5
48 743 0.5
48 884 0.5
48 1001 0.5
48 1471 0.5
48 2412 0.5
48 2554 0.5
48 2965 0.5
49 96 0.5
49 101 0.5
49 107 0.5
49 465 0.5
49 551 0.5
49 862 0.5
49 1129 0.5
49 1150 0.5
49 1390 0.5
49 1616 0.5
49 1643 0.5
49 1914 0.5
49 2035 0.5
49 2361 0.5
49 2369 0.5
49 2792 0.5
50 78 0.5
50 466 0.5
50 1624 0.5
50 2513 0.5
50 2619 0.5
51 241 0.5
51 689 0.5
51 751 0.5
51 872 0.5
52 184 0.5
52 225 0.5
52 273 0.5
52 360 0.5
52 451 0.5
52 457 0.5
52 488 0.5
52 501 0.5
52 620 0.5
52 634 0.5
52 671 0.5
52 734 0.5
52 746 0.5
52 760 0.5
52 856 0.5
52 1130 0.5
52 1694 0.5
52 1873 0.5
52 2261 0.5
52 2349 0.5
52 2576 0.5
52 2579 0.5
52 2684 0.5
52 2898 0.5
53 324 0.5
53 485 0.5
53 1409 0.5
54 562 0.5
54 1021 0.5
54 1164 0.5
54 1168 0.5
54 2246 0.5
54 2363 0.5
55 143 0.5
55 424 0.5
55 656 0.5
55 658 0.5
55 1106 0.5
55 1326 0.5
55 1375 0.5
55 1613 0.5
55 2188 0.5
55 2319 0.5
55 2532 0.5
55 2589 0.5
56 79 0.5
56 163 0.5
56 168 0.5
56 210 0.5
56 340 0.5
56 401 0.5
56 409 0.5
56 531 0.5
56 697 0.5
56 787 0.5
56 975 0.5
56 1134 0.5
56 1483 0.5
56 1689 0.5
56 1860 0.5
56 2118 0.5
56 2299 0.5
56 2484 0.5
56 2500 0.5
56 2945 0.5
57 87 0.5
57 141 0.5
57 254 0.5
57 282 0.5
57 287 0.5
57 361 0.5
57 388 0.5
57 739 0.5
57 825 0.5
57 846 0.5
57 1039 0.5
57 1077 0.5
57 1219 0.5
57 1221 0.5
57 1366 0.5
57 1655 0.5
57 1844 0.5
57 1883 0.5
57 2147 0.5
57 2183 0.5
57 2234 0.5
57 2478 0.5
57 2685 0.5
58 59 0.5
58 60 0.5
58 62 0.5
58 69 0.5
58 100 0.5
58 117 0.5
58 137 0.5
58 149 0.5
58 189 0.5
58 197 0.5
58 207 0.5
58 245 0.5
58 322 0.5
58 352 0.5
58 437 0.5
58 472 0.5
58 512 0.5
58 545 0.5
58 855 0.5
58 857 0.5
58 1010 0.5
58 1071 0.5
58 1125 0.5
58 1175 0.5
58 1241 0.5
58 1244 0.5
58 1284 0.5
58 1291 0.5
58 1407 0.5
58 1483 0.5
58 1525 0.5
58 1531 0.5
58 1577 0.5
58 1597 0.5
58 1618 0.5
58 1679 0.5
58 1690 0.5
58 1718 0.5
58 1836 0.5
58 2152 0.5
58 2166 0.5
58 2309 0.5
58 2517 0.5
58 2611 0.5
58 2652 0.5
59 144 0.5
59 154 0.5
59 204 0.5
59 251 0.5
59 298 0.5
59 330 0.5
59 340 0.5
59 633 0.5
59 942 0.5
59 1448 0.5
59 1660 0.5
59 2237 0.5
60 62 0.5
60 68 0.5
60 70 0.5
60 103 0.5
60 107 0.5
60 134 0.5
60 229 0.5
60 316 0.5
60 331 0.5
60 809 0.5
60 1104 0.5
60 1114 0.5
60 1234 0.5
60 1299 0.5
60 1493 0.5
60 1587 0.5
60 1619 0.5
60 1652 0.5
60 1795 0.5
60 1831 0.5
60 2608 0.5
60 2609 0.5
60 2894 0.5
61 66 0.5
61 119 0.5
61 142 0.5
61 172 0.5
61 302 0.5
61 337 0.5
61 355 0.5
61 386 0.5
61 590 0.5
61 602 0.5
61 680 0.5
61 772 0.5
61 1018 0.5
61 1020 0.5
61 1340 0.5
61 2498 0.5
61 2674 0.5
61 2919 0.5
62 300 0.5
62 678 0.5
62 1103 0.5
62 2672 0.5
63 548 0.5
63 906 0.5
63 1002 0.5
63 1023 0.5
63 1688 0.5
63 1835 0.5
64 190 0.5
64 275 0.5
64 802 0.5
64 979 0.5
64 1132 0.5
64 1155 0.5
64 1333 0.5
64 1442 0.5
64 1470 0.5
64 1954 0.5
64 1989 0.5
64 2263 0.5
64 2657 0.5
64 2727 0.5
65 83 0.5
65 104 0.5
65 130 0.5
65 170 0.5
65 214 0.5
65 219 0.5
65 222 0.5
65 405 0.5
65 422 0.5
65 447 0.5
65 497 0.5
65 515 0.5
65 655 0.5
65 737 0.5
65 1052 0.5
65 1174 0.5
65 1488 0.5
65 1503 0.5
65 1680 0.5
65 1886 0.5
65 2396 0.5
65 2559 0.5
66 106 0.5
66 134 0.5
66 229 0.5
66 292 0.5
66 428 0.5
66 693 0.5
66 1206 0.5
66 1325 0.5
66 1401 0.5
66 1666 0.5
66 1979 0.5
66 2081 0.5
66 2832 0.5
67 73 0.5
67 294 0.5
67 1992 0.5
67 2051 0.5
67 2316 0.5
67 2524 0.5
68 84 0.5
68 105 0.5
68 116 0.5
68 153 0.5
68 193 0.5
68 216 0.5
68 240 0.5
68 440 0.5
68 450 0.5
68 492 0.5
68 530 0.5
68 544 0.5
68 567 0.5
68 665 0.5
68 673 0.5
68 691 0.5
68 725 0.5
68 916 0.5
68 937 0.5
68 1048 0.5
68 1067 0.5
68 1287 0.5
68 1358 0.5
68 1422 0.5
68 1458 0.5
68 1603 0.5
68 1606 0.5
68 1648 0.5
68 1806 0.5
68 1874 0.5
68 2090 0.5
68 2091 0.5
68 2532 0.5
68 2693 0.5
68 2696 0.5
69 145 0.5
69 221 0.5
69 672 0.5
69 796 0.5
69 1535 0.5
69 1767 0.5
70 132 0.5
70 183 0.5
70 246 0.5
70 1916 0.5
70 2242 0.5
70 2657 0.5
71 80 0.5
71 98 0.5
71 522 0.5
71 681 0.5
71 1658 0.5
71 1732 0.5
71 1971 0.5
71 2319 0.5
71 2770 0.5
72 914 0.5
73 313 0.5
73 1307 0.5
73 2255 0.5
74 93 0.5
74 140 0.5
74 177 0.5
74 236 0.5
74 266 0.5
74 332 0.5
74 450 0.5
74 491 0.5
74 720 0.5
74 1178 0.5
74 1327 0.5
74 1655 0.5
74 2107 0.5
74 2204 0.5
75 102 0.5
75 517 0.5
75 1166 0.5
75 1313 0.5
75 1697 0.5
75 1939 0.5
75 2070 0.5
75 2447 0.5
76 1492 0.5
77 139 0.5
77 148 0.5
77 347 0.5
77 495 0.5
77 573 0.5
77 895 0.5
77 921 0.5
77 1161 0.5
77 1263 0.5
77 1265 0.5
77 1730 0.5
77 1734 0.5
77 2066 0.5
77 2088 0.5
77 2179 0.5
77 2323 0.5
77 2382 0.5
78 249 0.5
78 393 0.5
78 888 0.5
78 1535 0.5
79 156 0.5
79 709 0.5
79 965 0.5
79 1125 0.5
79 1497 0.5
79 2779 0.5
80 293 0.5
80 327 0.5
80 502 0.5
80 936 0.5
80 1726 0.5
80 1759 0.5
80 1828 0.5
80 2052 0.5
80 2835 0.5
81 139 0.5
81 158 0.5
81 309 0.5
81 834 0.5
81 1357 0.5
81 1609 0.5
81 2068 0.5
81 2342 0.5
82 222 0.5
82 473 0.5
82 903 0.5
82 1726 0.5
82 2493 0.5
82 2895 0.5
83 1680 0.5
84 116 0.5
84 312 0.5
84 505 0.5
84 534 0.5
84 1182 0.5
84 1434 0.5
84 1607 0.5
84 2468 0.5
84 2499 0.5
84 2529 0.5
85 172 0.5
85 561 0.5
85 799 0.5
85 838 0.5
85 1718 0.5
86 195 0.5
86 248 0.5
86 266 0.5
86 348 0.5
86 357 0.5
86 438 0.5
86 532 0.5
86 795 0.5
86 1268 0.5
86 1910 0.5
86 1928 0.5
86 2728 0.5
87 115 0.5
87 166 0.5
87 193 0.5
87 282 0.5
87 778 0.5
87 1116 0.5
87 1509 0.5
87 1727 0.5
87 2886 0.5
88 349 0.5
88 1069 0.5
88 1244 0.5
88 1328 0.5
88 1337 0.5
88 2513 0.5
89 170 0.5
89 685 0.5
89 749 0.5
89 1647 0.5
89 1755 0.5
89 2284 0.5
89 2424 0.5
90 123 0.5
90 463 0.5
90 2664 0.5
90 2756 0.5
91 265 0.5
91 304 0.5
91 405 0.5
91 708 0.5
91 723 0.5
91 792 0.5
91 1071 0.5
91 1121 0.5
91 2197 0.5
91 2304 0.5
91 2820 0.5
92 264 0.5
92 289 0.5
92 465 0.5
92 606 0.5
92 743 0.5
92 915 0.5
92 920 0.5
92 1449 0.5
92 1746 0.5
92 1901 0.5
92 2078 0.5
92 2254 0.5
92 2715 0.5
93 94 0.5
93 104 0.5
93 162 0.5
93 258 0.5
93 308 0.5
93 310 0.5
93 560 0.5
93 726 0.5
93 775 0.5
93 906 0.5
93 1047 0.5
93 1076 0.5
93 1248 0.5
93 1287 0.5
93 1298 0.5
93 1305 0.5
93 1555 0.5
93 1884 0.5
93 2298 0.5
93 2329 0.5
93 2401 0.5
93 2786 0.5
93 2838 0.5
94 96 0.5
94 267 0.5
94 569 0.5
94 584 0.5
94 631 0.5
94 754 0.5
94 961 0.5
94 1103 0.5
94 1839 0.5
94 2219 0.5
94 2235 0.5
94 2432 0.5
94 2568 0.5
94 2701 0.5
95 286 0.5
95 530 0.5
95 1461 0.5
95 1463 0.5
95 2044 0.5
96 126 0.5
96 141 0.5
96 171 0.5
96 369 0.5
96 638 0.5
96 911 0.5
96 1005 0.5
96 1107 0.5
96 1116 0.5
96 2341 0.5
96 2562 0.5
97 288 0.5
97 484 0.5
97 939 0.5
97 959 0.5
97 1354 0.5
97 2366 0.5
97 2824 0.5
98 110 0.5
98 342 0.5
98 432 0.5
98 784 0.5
98 811 0.5
98 879 0.5
98 1111 0.5
98 1213 0.5
98 1297 0.5
98 1331 0.5
98 1599 0.5
98 1640 0.5
98 1691 0.5
98 1947 0.5
98 1975 0.5
98 1986 0.5
98 2054 0.5
98 2168 0.5
98 2423 0.5
98 2605 0.5
98 2781 0.5
98 2804 0.5
98 2829 0.5
99 1156 0.5
99 1232 0.5
99 1604 0.5
99 1764 0.5
99 1912 0.5
99 2326 0.5
99 2853 0.5
100 138 0.5
100 200 0.5
100 688 0.5
100 1502 0.5
100 1521 0.5
101 102 0.5
101 125 0.5
101 175 0.5
101 325 0.5
101 382 0.5
101 504 0.5
101 556 0.5
101 711 0.5
101 740 0.5
101 817 0.5
101 914 0.5
101 987 0.5
101 1131 0.5
101 1665 0.5
101 1671 0.5
101 2213 0.5
101 2350 0.5
101 2354 0.5
101 2397 0.5
101 2437 0.5
101 2986 0.5
102 191 0.5
102 585 0.5
102 728 0.5
102 943 0.5
102 1264 0.5
102 1713 0.5
102 2615 0.5
102 2741 0.5
103 943 0.5
104 336 0.5
104 960 0.5
104 1435 0.5
104 1474 0.5
104 1583 0.5
104 1623 0.5
104 1627 0.5
104 1634 0.5
104 1705 0.5
104 2040 0.5
104 2264 0.5
104 2373 0.5
104 2606 0.5
104 2675 0.5
104 2782 0.5
105 262 0.5
105 295 0.5
105 321 0.5
105 635 0.5
105 1217 0.5
105 1278 0.5
105 1364 0.5
105 2044 0.5
105 2301 0.5
105 2670 0.5
106 185 0.5
106 279 0.5
106 425 0.5
106 909 0.5
106 1172 0.5
106 1501 0.5
106 1736 0.5
106 2094 0.5
106 2184 0.5
107 178 0.5
107 737 0.5
107 1431 0.5
107 2308 0.5
107 2817 0.5
108 169 0.5
108 173 0.5
108 275 0.5
108 384 0.5
108 612 0.5
108 792 0.5
108 804 0.5
108 901 0.5
108 962 0.5
108 1236 0.5
108 1466 0.5
108 1532 0.5
108 1591 0.5
108 1915 0.5
108 2653 0.5
108 2730 0.5
108 2896 0.5
108 2935 0.5
109 500 0.5
109 623 0.5
109 836 0.5
109 970 0.5
109 1636 0.5
110 112 0.5
110 136 0.5
110 195 0.5
110 316 0.5
110 410 0.5
110 714 0.5
110 824 0.5
110 897 0.5
110 987 0.5
110 1108 0.5
110 1203 0.5
110 1214 0.5
110 1281 0.5
110 1424 0.5
110 1562 0.5
110 1644 0.5
110 2046 0.5
110 2399 0.5
110 2607 0.5
110 2767 0.5
112 164 0.5
112 395 0.5
112 520 0.5
112 1551 0.5
112 1798 0.5
112 2036 0.5
113 114 0.5
113 127 0.5
113 153 0.5
113 255 0.5
113 351 0.5
113 354 0.5
113 358 0.5
113 363 0.5
113 364 0.5
113 382 0.5
113 385 0.5
113 407 0.5
113 444 0.5
113 473 0.5
113 490 0.5
113 531 0.5
113 556 0.5
113 596 0.5
113 646 0.5
113 663 0.5
113 721 0.5
113 727 0.5
113 728 0.5
113 1050 0.5
113 1060 0.5
113 1185 0.5
113 1238 0.5
113 1274 0.5
113 1291 0.5
113 1390 0.5
113 1505 0.5
113 1624 0.5
113 1630 0.5
113 1645 0.5
113 1662 0.5
113 1706 0.5
113 1710 0.5
113 1931 0.5
113 1966 0.5
113 2120 0.5
113 2123 0.5
113 2198 0.5
113 2237 0.5
113 2253 0.5
113 2265 0.5
113 2342 0.5
113 2402 0.5
113 2549 0.5
113 2573 0.5
113 2765 0.5
113 2801 0.5
113 2804 0.5
113 2861 0.5
113 2897 0.5
113 2909 0.5
113 2958 0.5
114 392 0.5
114 444 0.5
114 1903 0.5
114 2171 0.5
115 156 0.5
115 160 0.5
115 163 0.5
115 253 0.5
115 261 0.5
115 278 0.5
115 343 0.5
115 658 0.5
115 850 0.5
115 866 0.5
115 879 0.5
115 962 0.5
115 1155 0.5
115 1200 0.5
115 1284 0.5
115 1398 0.5
115 1581 0.5
115 1695 0.5
115 2034 0.5
115 2217 0.5
115 2467 0.5
115 2943 0.5
116 154 0.5
116 167 0.5
116 358 0.5
116 411 0.5
116 681 0.5
116 738 0.5
116 1320 0.5
116 1614 0.5
116 1750 0.5
116 1763 0.5
116 1953 0.5
116 2302 0.5
117 122 0.5
117 174 0.5
117 269 0.5
117 306 0.5
117 356 0.5
117 512 0.5
117 523 0.5
117 859 0.5
117 1101 0.5
117 1348 0.5
117 1353 0.5
117 1432 0.5
117 1787 0.5
117 1826 0.5
117 2199 0.5
117 2406 0.5
117 2673 0.5
118 1648 0.5
119 1323 0.5
120 230 0.5
120 356 0.5
120 372 0.5
120 427 0.5
120 436 0.5
120 483 0.5
120 673 0.5
120 782 0.5
120 852 0.5
120 1045 0.5
120 1319 0.5
120 2081 0.5
120 2129 0.5
120 2357 0.5
121 125 0.5
121 213 0.5
121 281 0.5
121 286 0.5
121 873 0.5
121 910 0.5
121 998 0.5
121 1100 0.5
121 2029 0.5
121 2397 0.5
121 2977 0.5
121 2988 0.5
122 435 0.5
122 720 0.5
122 1264 0.5
122 1820 0.5
122 1923 0.5
122 2017 0.5
122 2348 0.5
122 2539 0.5
123 218 0.5
123 731 0.5
123 747 0.5
123 1187 0.5
123 1747 0.5
124 128 0.5
124 267 0.5
124 370 0.5
124 453 0.5
124 1277 0.5
124 2315 0.5
124 2494 0.5
124 2835 0.5
124 2894 0.5
125 209 0.5
125 259 0.5
125 263 0.5
125 343 0.5
125 378 0.5
125 618 0.5
125 677 0.5
125 886 0.5
125 895 0.5
125 944 0.5
125 997 0.5
125 1003 0.5
125 1146 0.5
125 1260 0.5
125 1276 0.5
125 1279 0.5
125 1280 0.5
125 1473 0.5
125 1759 0.5
125 1766 0.5
125 1902 0.5
125 2097 0.5
125 2180 0.5
125 2347 0.5
125 2715 0.5
126 137 0.5
126 185 0.5
126 454 0.5
126 1376 0.5
126 1557 0.5
126 2053 0.5
126 2377 0.5
127 925 0.5
127 1662 0.5
127 2962 0.5
128 380 0.5
128 1439 0.5
129 385 0.5
129 441 0.5
129 572 0.5
129 2144 0.5
129 2871 0.5
130 135 0.5
130 214 0.5
130 594 0.5
130 882 0.5
130 1250 0.5
130 1252 0.5
130 2528 0.5
130 2569 0.5
131 158 0.5
131 493 0.5
131 909 0.5
131 1980 0.5
132 140 0.5
132 210 0.5
132 1317 0.5
132 1686 0.5
133 199 0.5
133 594 0.5
133 649 0.5
133 765 0.5
133 1145 0.5
133 1170 0.5
133 1337 0.5
133 1684 0.5
133 2098 0.5
133 2128 0.5
133 2427 0.5
135 494 0.5
135 591 0.5
135 877 0.5
135 1007 0.5
135 1176 0.5
135 1335 0.5
135 2311 0.5
135 2816 0.5
136 277 0.5
136 719 0.5
136 1214 0.5
136 2900 0.5
137 1040 0.5
137 2104 0.5
138 151 0.5
138 256 0.5
138 270 0.5
138 321 0.5
138 328 0.5
138 351 0.5
138 407 0.5
138 464 0.5
138 513 0.5
138 607 0.5
138 1059 0.5
138 1586 0.5
138 1719 0.5
138 2025 0.5
138 2203 0.5
139 145 0.5
139 825 0.5
139 1070 0.5
139 1544 0.5
139 2248 0.5
139 2864 0.5
140 485 0.5
140 517 0.5
140 584 0.5
140 712 0.5
140 954 0.5
140 1289 0.5
140 1499 0.5
140 2122 0.5
141 271 0.5
141 276 0.5
141 788 0.5
141 1078 0.5
141 1558 0.5
141 1859 0.5
142 401 0.5
142 522 0.5
142 1692 0.5
142 2298 0.5
143 247 0.5
143 2067 0.5
143 2486 0.5
144 252 0.5
144 297 0.5
144 389 0.5
144 430 0.5
144 692 0.5
144 753 0.5
144 774 0.5
144 834 0.5
144 1113 0.5
144 1290 0.5
144 1499 0.5
144 1519 0.5
144 1539 0.5
144 1717 0.5
144 1897 0.5
144 1932 0.5
144 2110 0.5
144 2275 0.5
144 2343 0.5
144 2592 0.5
144 2635 0.5
144 2674 0.5
144 2947 0.5
145 392 0.5
145 413 0.5
145 585 0.5
145 607 0.5
145 1486 0.5
145 2123 0.5
145 2535 0.5
146 278 0.5
146 292 0.5
146 449 0.5
146 599 0.5
146 881 0.5
146 1651 0.5
146 1774 0.5
146 1825 0.5
146 2691 0.5
146 2783 0.5
146 2801 0.5
147 274 0.5
147 504 0.5
147 908 0.5
147 947 0.5
147 1797 0.5
147 1875 0.5
147 2518 0.5
147 2743 0.5
148 403 0.5
148 1085 0.5
148 2052 0.5
149 448 0.5
149 518 0.5
149 1128 0.5
149 1249 0.5
149 1293 0.5
149 1583 0.5
149 2139 0.5
149 2682 0.5
151 650 0.5
151 1639 0.5
151 2091 0.5
152 1037 0.5
152 2257 0.5
152 2588 0.5
153 213 0.5
153 261 0.5
153 429 0.5
153 478 0.5
153 682 0.5
153 781 0.5
153 849 0.5
153 976 0.5
153 984 0.5
153 1021 0.5
153 1347 0.5
153 1529 0.5
153 1606 0.5
153 2049 0.5
153 2724 0.5
154 226 0.5
154 270 0.5
154 687 0.5
154 2169 0.5
154 2615 0.5
154 2806 0.5
155 180 0.5
155 307 0.5
155 499 0.5
155 933 0.5
155 1115 0.5
155 1559 0.5
155 1862 0.5
155 2681 0.5
156 319 0.5
156 418 0.5
156 1190 0.5
156 1450 0.5
156 1959 0.5
156 2126 0.5
156 2133 0.5
156 2156 0.5
156 2400 0.5
157 233 0.5
157 332 0.5
157 348 0.5
157 479 0.5
157 601 0.5
157 926 0.5
157 1286 0.5
157 1420 0.5
157 1585 0.5
157 1587 0.5
157 1677 0.5
157 2188 0.5
157 2422 0.5
158 549 0.5
158 1017 0.5
158 1199 0.5
158 2882 0.5
159 1293 0.5
159 2490 0.5
160 192 0.5
160 250 0.5
160 285 0.5
160 700 0.5
160 715 0.5
160 766 0.5
160 865 0.5
160 1136 0.5
160 1222 0.5
160 1226 0.5
160 1250 0.5
162 472 0.5
162 652 0.5
162 662 0.5
162 1225 0.5
162 1414 0.5
162 2326 0.5
163 2581 0.5
164 245 0.5
164 775 0.5
164 1106 0.5
164 1602 0.5
164 1693 0.5
164 1792 0.5
164 2600 0.5
164 2799 0.5
165 595 0.5
165 869 0.5
165 2968 0.5
166 1201 0.5
166 2197 0.5
167 260 0.5
167 388 0.5
167 588 0.5
167 1048 0.5
167 2119 0.5
168 365 0.5
168 1094 0.5
168 1230 0.5
168 1738 0.5
168 2451 0.5
168 2834 0.5
170 200 0.5
170 461 0.5
170 990 0.5
170 1336 0.5
170 2346 0.5
172 399 0.5
172 774 0.5
172 1044 0.5
172 1420 0.5
172 2993 0.5
173 1022 0.5
173 2121 0.5
173 2231 0.5
173 2784 0.5
174 176 0.5
174 199 0.5
174 376 0.5
174 523 0.5
174 684 0.5
174 821 0.5
174 846 0.5
174 971 0.5
174 1451 0.5
174 1913 0.5
174 2103 0.5
175 669 0.5
176 431 0.5
176 487 0.5
176 622 0.5
176 1162 0.5
176 2551 0.5
177 217 0.5
177 338 0.5
177 468 0.5
177 661 0.5
177 789 0.5
177 822 0.5
177 1243 0.5
177 2766 0.5
178 223 0.5
178 283 0.5
178 538 0.5
178 1392 0.5
178 1854 0.5
178 2153 0.5
178 2413 0.5
178 2855 0.5
178 2989 0.5
179 299 0.5
179 467 0.5
179 609 0.5
179 661 0.5
179 747 0.5
179 1034 0.5
179 1356 0.5
179 1741 0.5
179 1889 0.5
179 2204 0.5
179 2405 0.5
180 220 0.5
180 598 0.5
180 1454 0.5
180 1720 0.5
180 2390 0.5
180 2749 0.5
180 2813 0.5
181 570 0.5
182 315 0.5
182 597 0.5
182 958 0.5
183 803 0.5
184 240 0.5
184 302 0.5
184 683 0.5
184 857 0.5
184 964 0.5
185 471 0.5
185 950 0.5
185 1380 0.5
185 2502 0.5
186 1000 0.5
187 599 0.5
187 1737 0.5
187 1777 0.5
188 233 0.5
189 202 0.5
189 1003 0.5
189 1845 0.5
189 1854 0.5
189 2288 0.5
190 361 0.5
190 885 0.5
190 1181 0.5
190 1777 0.5
190 2063 0.5
190 2908 0.5
191 438 0.5
191 680 0.5
191 1869 0.5
192 250 0.5
192 576 0.5
193 269 0.5
193 778 0.5
193 1165 0.5
193 1271 0.5
193 1830 0.5
193 1941 0.5
193 2455 0.5
194 219 0.5
194 265 0.5
194 317 0.5
194 583 0.5
194 1074 0.5
194 1122 0.5
194 1181 0.5
194 1683 0.5
194 2543 0.5
194 2802 0.5
194 2816 0.5
195 983 0.5
195 1012 0.5
195 1226 0.5
195 2117 0.5
195 2173 0.5
195 2218 0.5
195 2899 0.5
197 1560 0.5
197 1800 0.5
197 1965 0.5
197 2262 0.5
197 2821 0.5
197 2948 0.5
198 307 0.5
198 801 0.5
198 1389 0.5
199 232 0.5
199 237 0.5
199 299 0.5
199 319 0.5
199 329 0.5
199 542 0.5
199 637 0.5
199 659 0.5
199 738 0.5
199 835 0.5
199 1485 0.5
199 1882 0.5
199 2624 0.5
200 461 0.5
200 1561 0.5
201 1088 0.5
201 1486 0.5
201 1850 0.5
201 2039 0.5
202 238 0.5
202 284 0.5
202 325 0.5
202 779 0.5
202 2030 0.5
202 2297 0.5
202 2824 0.5
203 381 0.5
203 540 0.5
203 818 0.5
203 2859 0.5
204 338 0.5
204 489 0.5
204 1067 0.5
205 374 0.5
207 1047 0.5
207 1342 0.5
209 386 0.5
209 533 0.5
209 2791 0.5
210 303 0.5
210 318 0.5
210 803 0.5
210 823 0.5
210 1231 0.5
210 1508 0.5
210 1533 0.5
210 1929 0.5
211 1297 0.5
211 1942 0.5
212 345 0.5
212 390 0.5
212 484 0.5
212 496 0.5
212 500 0.5
212 518 0.5
212 521 0.5
212 771 0.5
212 781 0.5
212 874 0.5
212 910 0.5
212 1258 0.5
212 1447 0.5
212 1490 0.5
212 1617 0.5
212 1632 0.5
212 1685 0.5
212 2010 0.5
212 2053 0.5
212 2311 0.5
212 2873 0.5
213 558 0.5
213 571 0.5
213 1605 0.5
213 1885 0.5
213 1992 0.5
213 2631 0.5
214 323 0.5
214 344 0.5
214 662 0.5
214 1262 0.5
214 1321 0.5
214 1430 0.5
214 1773 0.5
214 2273 0.5
214 2305 0.5
214 2572 0.5
214 2845 0.5
215 629 0.5
215 1177 0.5
215 2142 0.5
216 912 0.5
216 1710 0.5
216 1810 0.5
216 1898 0.5
216 1906 0.5
216 2024 0.5
216 2148 0.5
217 659 0.5
217 875 0.5
217 1100 0.5
217 2418 0.5
217 2459 0.5
218 377 0.5
218 381 0.5
218 867 0.5
218 1524 0.5
218 1697 0.5
219 415 0.5
220 323 0.5
220 406 0.5
220 826 0.5
220 1051 0.5
220 1487 0.5
220 1717 0.5
220 2344 0.5
220 2979 0.5
221 575 0.5
221 884 0.5
221 2776 0.5
222 690 0.5
222 1057 0.5
222 2386 0.5
222 2631 0.5
223 1906 0.5
224 274 0.5
224 420 0.5
224 850 0.5
224 875 0.5
224 900 0.5
224 937 0.5
224 1898 0.5
224 2294 0.5
224 2389 0.5
224 2428 0.5
224 2812 0.5
225 1162 0.5
225 1220 0.5
225 1449 0.5
226 379 0.5
226 528 0.5
226 548 0.5
226 560 0.5
226 628 0.5
226 928 0.5
226 1568 0.5
226 1576 0.5
226 1740 0.5
226 1761 0.5
226 2811 0.5
226 2942 0.5
227 1024 0.5
227 1327 0.5
227 1612 0.5
228 394 0.5
228 604 0.5
228 830 0.5
228 1032 0.5
229 315 0.5
229 476 0.5
229 894 0.5
229 1424 0.5
229 2399 0.5
230 370 0.5
230 1275 0.5
230 1374 0.5
230 1716 0.5
231 244 0.5
231 2718 0.5
232 424 0.5
232 667 0.5
233 237 0.5
233 257 0.5
233 279 0.5
233 404 0.5
233 430 0.5
233 469 0.5
233 611 0.5
233 963 0.5
233 1367 0.5
233 1745 0.5
233 2746 0.5
233 2876 0.5
234 2746 0.5
235 367 0.5
235 445 0.5
235 1051 0.5
235 1402 0.5
235 1427 0.5
235 2344 0.5
235 2819 0.5
235 2905 0.5
236 698 0.5
237 593 0.5
237 756 0.5
237 1870 0.5
238 1688 0.5
239 1347 0.5
239 2222 0.5
239 2773 0.5
240 698 0.5
240 1580 0.5
240 2178 0.5
240 2379 0.5
240 2659 0.5
242 526 0.5
242 902 0.5
242 1160 0.5
242 1362 0.5
242 1669 0.5
242 2388 0.5
242 2859 0.5
243 280 0.5
243 978 0.5
243 1711 0.5
243 2482 0.5
243 2625 0.5
245 246 0.5
245 402 0.5
245 1112 0.5
245 1530 0.5
245 1724 0.5
245 1955 0.5
245 2702 0.5
246 335 0.5
246 1634 0.5
246 1660 0.5
246 2300 0.5
247 281 0.5
247 456 0.5
247 603 0.5
247 1379 0.5
247 2106 0.5
247 2282 0.5
247 2415 0.5
247 2710 0.5
247 2985 0.5
248 820 0.5
248 844 0.5
248 1243 0.5
248 2008 0.5
248 2558 0.5
249 301 0.5
249 544 0.5
249 1063 0.5
249 1675 0.5
249 2090 0.5
249 2194 0.5
249 2331 0.5
249 2827 0.5
250 602 0.5
250 978 0.5
250 1546 0.5
250 2205 0.5
250 2680 0.5
251 291 0.5
251 876 0.5
251 995 0.5
251 2711 0.5
252 297 0.5
252 391 0.5
252 501 0.5
252 519 0.5
252 640 0.5
252 713 0.5
252 997 0.5
252 999 0.5
252 1199 0.5
252 1215 0.5
252 1373 0.5
252 1507 0.5
252 1692 0.5
252 1863 0.5
252 2533 0.5
252 2618 0.5
252 2830 0.5
253 254 0.5
253 2005 0.5
254 526 0.5
254 582 0.5
254 587 0.5
255 736 0.5
255 1683 0.5
255 1985 0.5
255 2173 0.5
255 2679 0.5
257 341 0.5
257 427 0.5
257 457 0.5
257 622 0.5
257 683 0.5
257 826 0.5
257 1283 0.5
257 1289 0.5
257 1709 0.5
257 1753 0.5
257 2108 0.5
257 2591 0.5
258 310 0.5
258 810 0.5
258 1195 0.5
258 1302 0.5
258 1411 0.5
258 1435 0.5
258 1751 0.5
259 1654 0.5
260 305 0.5
260 399 0.5
260 413 0.5
260 416 0.5
260 800 0.5
261 272 0.5
261 479 0.5
261 1054 0.5
261 1198 0.5
261 1810 0.5
261 1868 0.5
261 2525 0.5
262 836 0.5
262 1081 0.5
262 1329 0.5
263 264 0.5
263 366 0.5
263 1099 0.5
263 1302 0.5
263 1842 0.5
264 389 0.5
264 608 0.5
264 785 0.5
264 945 0.5
264 1668 0.5
264 1709 0.5
264 1746 0.5
264 1864 0.5
264 2751 0.5
264 2768 0.5
265 545 0.5
265 567 0.5
265 796 0.5
265 1006 0.5
265 1087 0.5
265 1142 0.5
265 1349 0.5
265 1918 0.5
265 2025 0.5
265 2475 0.5
266 772 0.5
266 1279 0.5
266 2818 0.5
267 298 0.5
267 570 0.5
267 1133 0.5
267 1328 0.5
267 1824 0.5
268 334 0.5
268 626 0.5
268 779 0.5
268 1261 0.5
268 1510 0.5
268 2201 0.5
269 493 0.5
269 1352 0.5
270 271 0.5
270 346 0.5
270 767 0.5
270 1712 0.5
270 2007 0.5
270 2042 0.5
270 2308 0.5
270 2367 0.5
270 2761 0.5
271 509 0.5
271 580 0.5
272 1579 0.5
272 1728 0.5
272 1799 0.5
272 2011 0.5
272 2115 0.5
272 2345 0.5
272 2461 0.5
273 2471 0.5
274 505 0.5
274 2057 0.5
275 536 0.5
275 1035 0.5
275 1848 0.5
275 1892 0.5
275 2338 0.5
275 2803 0.5
275 2971 0.5
276 377 0.5
277 604 0.5
277 709 0.5
277 740 0.5
277 967 0.5
277 1388 0.5
277 1765 0.5
277 1796 0.5
277 1952 0.5
278 313 0.5
279 396 0.5
279 883 0.5
279 973 0.5
279 1216 0.5
279 1569 0.5
279 1588 0.5
279 1641 0.5
279 1674 0.5
279 1937 0.5
279 2809 0.5
280 326 0.5
280 447 0.5
280 459 0.5
280 1332 0.5
280 1771 0.5
280 2164 0.5
280 2321 0.5
280 2865 0.5
281 460 0.5
281 1896 0.5
281 2151 0.5
282 318 0.5
282 409 0.5
282 1159 0.5
282 1203 0.5
282 2439 0.5
282 2495 0.5
283 539 0.5
283 633 0.5
283 643 0.5
283 664 0.5
283 802 0.5
283 830 0.5
283 1285 0.5
283 1392 0.5
283 2089 0.5
283 2175 0.5
283 2327 0.5
283 2332 0.5
283 2694 0.5
283 2959 0.5
284 418 0.5
284 423 0.5
284 563 0.5
284 693 0.5
284 718 0.5
284 767 0.5
284 1101 0.5
284 1202 0.5
284 1357 0.5
284 1428 0.5
284 2482 0.5
284 2880 0.5
284 2955 0.5
285 327 0.5
285 333 0.5
285 540 0.5
285 765 0.5
285 1372 0.5
285 1814 0.5
285 1907 0.5
285 2045 0.5
285 2371 0.5
285 2922 0.5
286 712 0.5
286 806 0.5
287 679 0.5
287 1039 0.5
287 1077 0.5
287 1785 0.5
287 1832 0.5
287 1905 0.5
287 2506 0.5
287 2945 0.5
288 483 0.5
288 568 0.5
288 638 0.5
288 1029 0.5
288 1151 0.5
288 1365 0.5
288 1973 0.5
288 2277 0.5
288 2613 0.5
289 314 0.5
289 317 0.5
289 588 0.5
289 653 0.5
289 716 0.5
289 1350 0.5
289 1936 0.5
289 2241 0.5
289 2297 0.5
289 2501 0.5
289 2738 0.5
289 2779 0.5
290 732 0.5
290 1028 0.5
290 1422 0.5
290 1741 0.5
291 1504 0.5
291 2271 0.5
292 431 0.5
292 963 0.5
292 1042 0.5
292 1408 0.5
292 2328 0.5
292 2614 0.5
293 668 0.5
293 827 0.5
293 1033 0.5
293 1041 0.5
293 1224 0.5
293 1425 0.5
293 1601 0.5
293 2472 0.5
294 477 0.5
294 510 0.5
294 1542 0.5
294 1600 0.5
294 1743 0.5
295 412 0.5
295 1146 0.5
296 586 0.5
296 1653 0.5
296 2921 0.5
297 454 0.5
297 1861 0.5
298 714 0.5
298 1011 0.5
298 1013 0.5
298 1620 0.5
299 462 0.5
299 1086 0.5
299 1191 0.5
299 2177 0.5
299 2697 0.5
300 1822 0.5
300 2667 0.5
301 329 0.5
301 1317 0.5
301 1528 0.5
301 1819 0.5
301 2049 0.5
302 912 0.5
302 913 0.5
302 2702 0.5
305 766 0.5
305 1774 0.5
305 2058 0.5
305 2236 0.5
305 2637 0.5
307 577 0.5
307 1153 0.5
307 1190 0.5
307 2244 0.5
307 2329 0.5
307 2815 0.5
308 442 0.5
308 458 0.5
308 947 0.5
308 1189 0.5
308 1627 0.5
308 1907 0.5
308 2630 0.5
308 2883 0.5
309 783 0.5
309 950 0.5
309 1014 0.5
309 1324 0.5
309 1358 0.5
309 2842 0.5
310 2920 0.5
311 751 0.5
311 1916 0.5
312 2171 0.5
313 393 0.5
313 786 0.5
313 952 0.5
313 1994 0.5
313 2383 0.5
313 2944 0.5
314 1936 0.5
314 2192 0.5
314 2857 0.5
315 813 0.5
315 990 0.5
315 1062 0.5
315 1305 0.5
316 422 0.5
316 1894 0.5
317 508 0.5
317 546 0.5
317 547 0.5
317 583 0.5
317 877 0.5
317 934 0.5
317 1084 0.5
317 1171 0.5
317 1258 0.5
317 1442 0.5
317 1786 0.5
317 1940 0.5
317 2191 0.5
317 2351 0.5
317 2431 0.5
317 2452 0.5
317 2646 0.5
317 2656 0.5
317 2671 0.5
317 2721 0.5
317 2750 0.5
317 2972 0.5
319 543 0.5
319 629 0.5
319 1818 0.5
319 2322 0.5
319 2641 0.5
322 456 0.5
323 502 0.5
323 676 0.5
323 838 0.5
323 1654 0.5
323 1824 0.5
323 2354 0.5
323 2584 0.5
323 2982 0.5
324 1281 0.5
324 1307 0.5
324 1423 0.5
324 2579 0.5
325 770 0.5
325 900 0.5
325 992 0.5
325 1207 0.5
325 2818 0.5
326 840 0.5
326 942 0.5
326 1300 0.5
326 2096 0.5
326 2892 0.5
328 339 0.5
328 394 0.5
328 487 0.5
328 686 0.5
328 755 0.5
328 1533 0.5
328 1691 0.5
328 1855 0.5
328 2048 0.5
328 2312 0.5
329 452 0.5
329 663 0.5
329 701 0.5
329 764 0.5
329 1015 0.5
329 2015 0.5
329 2413 0.5
329 2807 0.5
330 410 0.5
330 1036 0.5
330 1665 0.5
330 2088 0.5
330 2429 0.5
330 2632 0.5
332 885 0.5
332 971 0.5
332 1368 0.5
332 1514 0.5
332 2597 0.5
332 2915 0.5
333 843 0.5
333 1370 0.5
333 1900 0.5
333 2507 0.5
334 763 0.5
334 2486 0.5
334 2688 0.5
334 2753 0.5
335 696 0.5
336 1366 0.5
337 2690 0.5
338 550 0.5
338 558 0.5
338 2527 0.5
339 2731 0.5
339 2793 0.5
340 814 0.5
340 2154 0.5
340 2920 0.5
341 623 0.5
342 1257 0.5
342 2095 0.5
342 2789 0.5
344 362 0.5
344 383 0.5
344 515 0.5
344 559 0.5
344 969 0.5
344 1657 0.5
344 1748 0.5
344 1785 0.5
344 2489 0.5
345 2334 0.5
346 700 0.5
346 1094 0.5
346 1551 0.5
346 1834 0.5
346 2075 0.5
347 507 0.5
347 575 0.5
347 2380 0.5
348 375 0.5
348 397 0.5
348 529 0.5
348 589 0.5
348 626 0.5
348 1192 0.5
348 1336 0.5
348 1444 0.5
348 1822 0.5
349 859 0.5
349 886 0.5
349 923 0.5
351 727 0.5
351 1245 0.5
351 1706 0.5
351 2729 0.5
352 527 0.5
352 565 0.5
352 744 0.5
352 911 0.5
352 2223 0.5
353 390 0.5
353 824 0.5
353 2252 0.5
353 2466 0.5
354 362 0.5
354 397 0.5
354 541 0.5
354 798 0.5
354 1105 0.5
354 1557 0.5
355 557 0.5
355 2551 0.5
355 2951 0.5
356 411 0.5
356 1187 0.5
356 1241 0.5
356 1322 0.5
356 1436 0.5
356 1698 0.5
356 2484 0.5
356 2621 0.5
358 1803 0.5
358 2228 0.5
358 2794 0.5
360 1212 0.5
361 480 0.5
361 981 0.5
361 1425 0.5
361 2456 0.5
361 2548 0.5
362 363 0.5
362 414 0.5
362 455 0.5
363 1016 0.5
363 2400 0.5
364 536 0.5
364 2157 0.5
366 764 0.5
367 416 0.5
367 1303 0.5
367 1421 0.5
367 1433 0.5
367 1558 0.5
367 1739 0.5
367 2109 0.5
367 2837 0.5
369 566 0.5
369 1899 0.5
370 371 0.5
370 621 0.5
370 641 0.5
370 757 0.5
370 945 0.5
370 951 0.5
370 981 0.5
370 1024 0.5
370 1134 0.5
370 1288 0.5
370 1404 0.5
370 1856 0.5
370 2021 0.5
370 2488 0.5
370 2538 0.5
371 2598 0.5
372 804 0.5
372 1045 0.5
372 1104 0.5
372 1470 0.5
372 2355 0.5
372 2904 0.5
373 1645 0.5
373 2105 0.5
373 2910 0.5
374 402 0.5
374 713 0.5
374 976 0.5
374 1078 0.5
374 1359 0.5
374 1406 0.5
374 1629 0.5
374 2566 0.5
374 2610 0.5
375 453 0.5
375 550 0.5
375 569 0.5
375 637 0.5
375 784 0.5
375 1138 0.5
375 1330 0.5
375 1593 0.5
375 1640 0.5
375 1722 0.5
375 1953 0.5
375 1988 0.5
375 2083 0.5
376 434 0.5
376 470 0.5
376 606 0.5
376 992 0.5
376 1447 0.5
376 2103 0.5
376 2202 0.5
378 1270 0.5
378 1321 0.5
378 1647 0.5
378 2074 0.5
379 480 0.5
379 670 0.5
379 982 0.5
379 1062 0.5
379 1135 0.5
379 1465 0.5
379 2312 0.5
379 2314 0.5
379 2636 0.5
380 627 0.5
380 931 0.5
380 1070 0.5
380 1147 0.5
380 1477 0.5
381 1015 0.5
381 1981 0.5
383 780 0.5
384 966 0.5
384 974 0.5
386 697 0.5
386 1138 0.5
386 1473 0.5
387 421 0.5
387 1183 0.5
387 1958 0.5
387 2530 0.5
388 1468 0.5
389 608 0.5
389 2956 0.5
390 498 0.5
390 568 0.5
390 704 0.5
390 1246 0.5
390 2144 0.5
391 564 0.5
391 691 0.5
391 701 0.5
391 2222 0.5
391 2976 0.5
392 1960 0.5
393 842 0.5
393 888 0.5
393 1202 0.5
393 2002 0.5
393 2562 0.5
394 425 0.5
394 611 0.5
394 819 0.5
394 993 0.5
394 2520 0.5
396 471 0.5
396 1699 0.5
396 1891 0.5
398 420 0.5
398 1079 0.5
398 1191 0.5
398 1208 0.5
398 2018 0.5
399 543 0.5
399 1538 0.5
400 827 0.5
400 933 0.5
400 1166 0.5
400 1730 0.5
400 1993 0.5
400 2076 0.5
400 2182 0.5
400 2231 0.5
401 721 0.5
401 755 0.5
401 858 0.5
401 865 0.5
401 2158 0.5
401 2858 0.5
401 2925 0.5
402 466 0.5
402 506 0.5
402 516 0.5
402 893 0.5
402 1678 0.5
402 2017 0.5
402 2062 0.5
402 2256 0.5
403 412 0.5
403 1046 0.5
403 1224 0.5
403 1245 0.5
403 2281 0.5
403 2616 0.5
404 469 0.5
404 642 0.5
404 977 0.5
404 1546 0.5
404 1677 0.5
404 2357 0.5
405 414 0.5
405 726 0.5
405 1359 0.5
405 2386 0.5
406 524 0.5
406 2590 0.5
407 735 0.5
407 1072 0.5
407 1763 0.5
408 609 0.5
408 1333 0.5
408 1339 0.5
408 1890 0.5
408 1934 0.5
409 605 0.5
409 666 0.5
409 761 0.5
409 927 0.5
409 2209 0.5
410 636 0.5
410 752 0.5
410 939 0.5
410 1361 0.5
410 2140 0.5
410 2640 0.5
412 828 0.5
412 1251 0.5
412 2376 0.5
412 2520 0.5
413 1754 0.5
415 1809 0.5
415 2272 0.5
415 2385 0.5
416 491 0.5
416 675 0.5
416 1153 0.5
416 1391 0.5
416 2292 0.5
417 722 0.5
418 564 0.5
418 593 0.5
418 729 0.5
418 2036 0.5
419 498 0.5
419 829 0.5
419 1193 0.5
419 1331 0.5
419 1446 0.5
419 1744 0.5
419 1770 0.5
419 2212 0.5
419 2313 0.5
419 2485 0.5
420 1026 0.5
420 1096 0.5
420 1286 0.5
420 1641 0.5
421 794 0.5
421 1188 0.5
421 1266 0.5
421 1772 0.5
421 2097 0.5
421 2663 0.5
421 2942 0.5
422 671 0.5
422 1149 0.5
422 1806 0.5
424 541 0.5
425 429 0.5
425 477 0.5
425 579 0.5
425 580 0.5
425 770 0.5
425 870 0.5
425 904 0.5
425 1097 0.5
425 1129 0.5
425 1849 0.5
425 1890 0.5
425 2283 0.5
425 2673 0.5
426 464 0.5
426 559 0.5
426 1200 0.5
426 1769 0.5
426 1789 0.5
426 1911 0.5
427 1294 0.5
427 2841 0.5
428 863 0.5
428 866 0.5
428 1080 0.5
428 2747 0.5
428 2917 0.5
429 542 0.5
429 864 0.5
430 648 0.5
430 2016 0.5
431 745 0.5
431 1728 0.5
432 1926 0.5
433 508 0.5
433 665 0.5
433 718 0.5
433 837 0.5
433 1642 0.5
433 1908 0.5
433 2104 0.5
434 861 0.5
434 1526 0.5
435 620 0.5
435 916 0.5
435 1596 0.5
435 1947 0.5
435 2304 0.5
436 1595 0.5
436 2707 0.5
437 595 0.5
438 519 0.5
438 1559 0.5
438 2211 0.5
438 2214 0.5
438 2320 0.5
439 449 0.5
439 1061 0.5
439 1269 0.5
439 1757 0.5
439 2270 0.5
440 516 0.5
440 1075 0.5
441 525 0.5
441 759 0.5
441 951 0.5
441 1009 0.5
441 1464 0.5
441 1476 0.5
441 2572 0.5
442 1342 0.5
442 2111 0.5
443 686 0.5
443 742 0.5
443 905 0.5
443 1288 0.5
443 1338 0.5
443 2269 0.5
443 2355 0.5
443 2986 0.5
444 591 0.5
444 614 0.5
444 707 0.5
444 1054 0.5
445 1172 0.5
445 1349 0.5
445 1637 0.5
445 1999 0.5
446 458 0.5
446 478 0.5
446 777 0.5
446 1177 0.5
446 1637 0.5
446 1675 0.5
446 1922 0.5
446 2912 0.5
447 863 0.5
447 1140 0.5
447 2823 0.5
448 1938 0.5
449 1537 0.5
450 1093 0.5
450 1267 0.5
450 1892 0.5
450 2291 0.5
450 2527 0.5
450 2875 0.5
451 475 0.5
451 497 0.5
451 656 0.5
451 699 0.5
451 2544 0.5
451 2924 0.5
452 813 0.5
452 941 0.5
452 1004 0.5
453 1277 0.5
453 2479 0.5
453 2682 0.5
454 614 0.5
454 655 0.5
454 1456 0.5
454 1787 0.5
454 1942 0.5
454 2365 0.5
454 2589 0.5
454 2663 0.5
455 528 0.5
455 597 0.5
455 619 0.5
455 652 0.5
455 654 0.5
455 741 0.5
455 871 0.5
455 1102 0.5
455 1108 0.5
455 1186 0.5
455 1573 0.5
455 1638 0.5
455 1765 0.5
455 1872 0.5
455 1945 0.5
455 1977 0.5
455 2521 0.5
455 2952 0.5
455 2972 0.5
455 2998 0.5
456 1019 0.5
456 1396 0.5
456 2004 0.5
457 1426 0.5
457 1927 0.5
458 578 0.5
458 1063 0.5
458 2730 0.5
458 2966 0.5
459 1582 0.5
459 2124 0.5
459 2716 0.5
460 463 0.5
460 2079 0.5
461 1164 0.5
462 1489 0.5
463 1318 0.5
463 2901 0.5
464 675 0.5
464 1008 0.5
464 2737 0.5
464 2777 0.5
464 2882 0.5
464 2990 0.5
465 641 0.5
465 1320 0.5
465 1475 0.5
465 1491 0.5
465 1760 0.5
465 1764 0.5
465 2101 0.5
465 2507 0.5
465 2622 0.5
465 2851 0.5
465 2902 0.5
466 506 0.5
466 566 0.5
466 645 0.5
466 930 0.5
466 1344 0.5
466 1371 0.5
466 1696 0.5
466 1901 0.5
466 1955 0.5
466 1961 0.5
466 2041 0.5
466 2457 0.5
467 634 0.5
467 1745 0.5
467 2165 0.5
467 2582 0.5
467 2719 0.5
467 2974 0.5
468 615 0.5
468 640 0.5
468 745 0.5
468 1154 0.5
468 1363 0.5
469 878 0.5
469 898 0.5
469 982 0.5
470 833 0.5
470 862 0.5
470 893 0.5
470 2390 0.5
471 648 0.5
471 1621 0.5
471 2205 0.5
472 2617 0.5
474 958 0.5
474 1126 0.5
474 2736 0.5
475 1059 0.5
475 1160 0.5
475 1878 0.5
475 2132 0.5
475 2305 0.5
475 2425 0.5
475 2742 0.5
476 1139 0.5
476 1140 0.5
476 1272 0.5
476 1620 0.5
477 1282 0.5
477 2845 0.5
477 2877 0.5
478 1836 0.5
478 1858 0.5
478 2193 0.5
479 768 0.5
479 887 0.5
479 1944 0.5
481 581 0.5
481 1144 0.5
481 1298 0.5
481 1548 0.5
481 1914 0.5
481 1999 0.5
481 2633 0.5
482 1127 0.5
482 1322 0.5
482 1495 0.5
482 2125 0.5
482 2160 0.5
483 676 0.5
483 1223 0.5
484 496 0.5
484 758 0.5
484 786 0.5
484 847 0.5
484 1041 0.5
484 2202 0.5
484 2229 0.5
484 2796 0.5
485 1508 0.5
485 2274 0.5
487 1964 0.5
487 1978 0.5
487 2060 0.5
487 2317 0.5
487 2775 0.5
487 2870 0.5
487 2938 0.5
488 520 0.5
488 1387 0.5
488 1405 0.5
488 2964 0.5
489 1565 0.5
490 2586 0.5
490 2626 0.5
491 538 0.5
491 553 0.5
492 1148 0.5
492 2073 0.5
492 2155 0.5
492 2512 0.5
493 1341 0.5
493 1479 0.5
493 2438 0.5
493 2828 0.5
494 1267 0.5
497 2563 0.5
497 2912 0.5
498 769 0.5
498 829 0.5
498 1193 0.5
498 1457 0.5
498 1575 0.5
498 1582 0.5
498 1633 0.5
498 1981 0.5
498 2034 0.5
498 2257 0.5
498 2330 0.5
498 2452 0.5
498 2810 0.5
500 587 0.5
500 1098 0.5
500 1384 0.5
500 1564 0.5
501 989 0.5
502 639 0.5
502 733 0.5
502 788 0.5
502 1733 0.5
504 711 0.5
504 1952 0.5
505 1057 0.5
505 1607 0.5
507 762 0.5
507 975 0.5
510 2447 0.5
512 1701 0.5
512 2005 0.5
515 525 0.5
515 931 0.5
515 1038 0.5
515 1522 0.5
516 600 0.5
516 964 0.5
516 2077 0.5
516 2175 0.5
518 654 0.5
518 768 0.5
518 959 0.5
518 1098 0.5
518 1273 0.5
518 1589 0.5
518 1814 0.5
518 1991 0.5
518 2580 0.5
518 2873 0.5
519 2446 0.5
519 2593 0.5
519 2830 0.5
520 618 0.5
520 840 0.5
520 1068 0.5
520 1091 0.5
520 1230 0.5
520 1842 0.5
520 2019 0.5
520 2207 0.5
525 666 0.5
525 807 0.5
525 1163 0.5
525 1846 0.5
525 1862 0.5
526 1346 0.5
526 1703 0.5
526 1835 0.5
526 2018 0.5
527 2330 0.5
528 632 0.5
528 1292 0.5
529 703 0.5
529 750 0.5
529 848 0.5
529 1649 0.5
529 2306 0.5
530 1553 0.5
531 2991 0.5
532 1030 0.5
532 1783 0.5
532 1951 0.5
533 610 0.5
533 685 0.5
533 695 0.5
533 948 0.5
533 1563 0.5
533 1650 0.5
533 1690 0.5
533 1904 0.5
533 2245 0.5
533 2477 0.5
533 2497 0.5
533 2719 0.5
534 650 0.5
534 797 0.5
534 922 0.5
534 1049 0.5
534 1428 0.5
534 1481 0.5
534 1520 0.5
534 1536 0.5
534 1563 0.5
534 2093 0.5
534 2168 0.5
535 1026 0.5
535 1742 0.5
536 1035 0.5
536 1848 0.5
538 572 0.5
538 710 0.5
538 801 0.5
538 805 0.5
538 1255 0.5
538 1384 0.5
538 2270 0.5
539 598 0.5
539 635 0.5
539 1022 0.5
539 1301 0.5
539 2547 0.5
539 2959 0.5
540 610 0.5
540 800 0.5
540 1315 0.5
540 2356 0.5
540 2472 0.5
541 630 0.5
541 703 0.5
541 1027 0.5
541 1168 0.5
541 1410 0.5
541 1816 0.5
541 2072 0.5
541 2086 0.5
541 2113 0.5
541 2286 0.5
541 2629 0.5
541 2944 0.5
541 2961 0.5
542 702 0.5
543 940 0.5
543 1402 0.5
543 2031 0.5
543 2134 0.5
543 2637 0.5
543 2656 0.5
544 953 0.5
544 1601 0.5
544 1786 0.5
544 1866 0.5
544 1970 0.5
544 2331 0.5
545 555 0.5
545 1114 0.5
545 1369 0.5
545 2248 0.5
545 2799 0.5
545 2813 0.5
545 2970 0.5
546 1625 0.5
546 2071 0.5
546 2206 0.5
546 2669 0.5
548 1343 0.5
552 771 0.5
552 907 0.5
552 1477 0.5
552 2594 0.5
553 1294 0.5
554 776 0.5
554 896 0.5
554 1123 0.5
554 1239 0.5
554 1917 0.5
554 1962 0.5
554 2677 0.5
555 1982 0.5
556 557 0.5
556 955 0.5
556 1096 0.5
556 1795 0.5
556 2115 0.5
556 2555 0.5
557 574 0.5
557 798 0.5
557 1578 0.5
557 2145 0.5
557 2553 0.5
557 2878 0.5
558 1040 0.5
558 1218 0.5
559 576 0.5
559 998 0.5
559 1235 0.5
559 1714 0.5
559 2778 0.5
560 1092 0.5
560 2685 0.5
560 2745 0.5
561 625 0.5
561 692 0.5
561 1229 0.5
561 1968 0.5
562 579 0.5
562 926 0.5
562 2713 0.5
563 970 0.5
563 2218 0.5
563 2250 0.5
563 2903 0.5
564 853 0.5
564 956 0.5
564 1000 0.5
564 2138 0.5
565 1043 0.5
565 1065 0.5
565 1712 0.5
565 2161 0.5
565 2271 0.5
565 2483 0.5
567 967 0.5
567 1037 0.5
567 1352 0.5
567 1778 0.5
567 1865 0.5
567 1944 0.5
567 2230 0.5
567 2402 0.5
567 2795 0.5
568 831 0.5
568 882 0.5
568 1590 0.5
568 1893 0.5
568 1993 0.5
568 2509 0.5
569 1970 0.5
569 2568 0.5
571 860 0.5
571 965 0.5
571 973 0.5
571 1312 0.5
571 1673 0.5
571 2120 0.5
572 590 0.5
572 2280 0.5
573 1198 0.5
573 1928 0.5
573 2557 0.5
574 1984 0.5
574 2395 0.5
575 1318 0.5
575 1600 0.5
575 2122 0.5
575 2264 0.5
576 1361 0.5
576 1987 0.5
576 2100 0.5
576 2126 0.5
576 2370 0.5
576 2866 0.5
577 932 0.5
577 1206 0.5
577 1256 0.5
577 2247 0.5
578 1213 0.5
579 1851 0.5
580 1887 0.5
581 2567 0.5
582 2458 0.5
583 1403 0.5
584 818 0.5
584 2242 0.5
586 724 0.5
586 852 0.5
586 2261 0.5
587 1564 0.5
589 630 0.5
590 2335 0.5
591 1700 0.5
591 2240 0.5
592 639 0.5
592 690 0.5
592 1780 0.5
592 1933 0.5
592 2219 0.5
593 1445 0.5
593 2327 0.5
594 694 0.5
594 1474 0.5
594 2162 0.5
595 921 0.5
595 1124 0.5
595 1339 0.5
596 667 0.5
596 2345 0.5
597 2266 0.5
598 891 0.5
598 1271 0.5
598 1885 0.5
598 1949 0.5
598 2886 0.5
602 790 0.5
602 1956 0.5
602 2519 0.5
603 605 0.5
603 649 0.5
603 876 0.5
603 2872 0.5
604 1643 0.5
605 918 0.5
605 1415 0.5
605 2491 0.5
607 617 0.5
607 731 0.5
607 782 0.5
607 797 0.5
607 1472 0.5
607 1739 0.5
607 1900 0.5
607 2346 0.5
608 785 0.5
609 957 0.5
611 1236 0.5
611 2268 0.5
612 2404 0.5
613 1115 0.5
613 2262 0.5
613 2549 0.5
613 2645 0.5
614 706 0.5
614 1676 0.5
614 2723 0.5
615 854 0.5
615 1409 0.5
615 1651 0.5
615 2167 0.5
615 2389 0.5
615 2758 0.5
616 935 0.5
616 2434 0.5
616 2805 0.5
617 1076 0.5
617 1240 0.5
619 748 0.5
619 2236 0.5
620 746 0.5
620 793 0.5
620 919 0.5
620 977 0.5
620 996 0.5
620 1388 0.5
623 1128 0.5
623 1205 0.5
623 1227 0.5
623 2030 0.5
624 2163 0.5
624 2711 0.5
625 1417 0.5
625 2602 0.5
626 1676 0.5
626 1975 0.5
626 1997 0.5
626 2215 0.5
627 1545 0.5
630 715 0.5
630 1360 0.5
630 1408 0.5
630 2073 0.5
631 1142 0.5
631 1227 0.5
631 1382 0.5
631 2251 0.5
632 1073 0.5
632 1438 0.5
632 2867 0.5
635 928 0.5
635 1301 0.5
635 1423 0.5
635 2662 0.5
636 1895 0.5
637 1133 0.5
637 2065 0.5
637 2466 0.5
638 2394 0.5
639 674 0.5
640 2467 0.5
641 1152 0.5
641 1233 0.5
641 1852 0.5
643 664 0.5
643 1401 0.5
643 2385 0.5
643 2537 0.5
643 2620 0.5
644 1758 0.5
645 672 0.5
645 699 0.5
645 783 0.5
645 1042 0.5
645 1373 0.5
647 968 0.5
647 1117 0.5
647 1530 0.5
647 1590 0.5
647 2074 0.5
647 2432 0.5
648 716 0.5
650 1220 0.5
650 2367 0.5
651 1577 0.5
651 2082 0.5
651 2847 0.5
652 2798 0.5
653 1429 0.5
653 2241 0.5
654 710 0.5
654 1029 0.5
654 1399 0.5
654 1704 0.5
654 1737 0.5
654 2408 0.5
654 2427 0.5
655 1182 0.5
655 1979 0.5
656 677 0.5
656 968 0.5
656 2225 0.5
656 2703 0.5
656 2717 0.5
657 1069 0.5
657 1555 0.5
657 2441 0.5
658 2125 0.5
659 719 0.5
659 1834 0.5
659 2287 0.5
659 2435 0.5
660 989 0.5
661 1196 0.5
662 988 0.5
662 2280 0.5
664 1567 0.5
665 1642 0.5
665 2083 0.5
666 761 0.5
666 946 0.5
666 2523 0.5
667 1120 0.5
667 2819 0.5
668 1299 0.5
668 1413 0.5
668 2279 0.5
668 2510 0.5
668 2635 0.5
668 2654 0.5
668 2923 0.5
670 841 0.5
670 1170 0.5
670 1752 0.5
670 2429 0.5
670 2825 0.5
670 2899 0.5
671 773 0.5
671 1259 0.5
671 1300 0.5
672 2183 0.5
673 1467 0.5
673 1556 0.5
673 1881 0.5
673 2000 0.5
676 2618 0.5
677 1049 0.5
677 1881 0.5
678 845 0.5
678 2708 0.5
680 1497 0.5
681 1971 0.5
682 684 0.5
682 1095 0.5
682 1529 0.5
682 2450 0.5
682 2522 0.5
682 2975 0.5
682 2997 0.5
683 2764 0.5
684 812 0.5
684 2961 0.5
684 2997 0.5
685 2318 0.5
685 2424 0.5
687 2392 0.5
687 2670 0.5
688 1009 0.5
688 1185 0.5
689 2027 0.5
690 1569 0.5
691 881 0.5
692 920 0.5
692 1363 0.5
692 1386 0.5
692 1519 0.5
693 2544 0.5
694 1205 0.5
694 2686 0.5
696 907 0.5
696 1990 0.5
696 2831 0.5
697 1233 0.5
697 1716 0.5
697 1776 0.5
697 2181 0.5
697 2893 0.5
698 2178 0.5
699 1312 0.5
699 1394 0.5
699 1847 0.5
701 2372 0.5
701 2802 0.5
702 1571 0.5
702 1659 0.5
702 2062 0.5
702 2884 0.5
703 842 0.5
703 843 0.5
703 1684 0.5
704 1056 0.5
704 1334 0.5
704 2011 0.5
704 2542 0.5
705 1410 0.5
705 1733 0.5
706 2023 0.5
707 1158 0.5
708 723 0.5
708 757 0.5
708 1052 0.5
708 2661 0.5
709 756 0.5
709 938 0.5
710 733 0.5
710 880 0.5
710 2080 0.5
710 2114 0.5
710 2229 0.5
710 2370 0.5
711 730 0.5
711 1246 0.5
712 2678 0.5
713 1794 0.5
713 2714 0.5
714 1068 0.5
714 1415 0.5
714 1644 0.5
716 808 0.5
716 1828 0.5
716 1943 0.5
716 2009 0.5
717 1622 0.5
717 1856 0.5
717 1986 0.5
717 2176 0.5
718 1110 0.5
718 2198 0.5
719 1150 0.5
719 2583 0.5
720 793 0.5
720 1065 0.5
720 1219 0.5
720 1489 0.5
720 2002 0.5
720 2550 0.5
721 858 0.5
721 871 0.5
721 972 0.5
721 1195 0.5
721 2449 0.5
723 741 0.5
723 794 0.5
723 1031 0.5
723 1089 0.5
723 1121 0.5
723 2339 0.5
723 2621 0.5
723 2665 0.5
724 2093 0.5
725 832 0.5
725 991 0.5
725 2914 0.5
726 1007 0.5
726 2102 0.5
726 2214 0.5
726 2556 0.5
728 1308 0.5
728 1896 0.5
729 789 0.5
729 1837 0.5
731 1296 0.5
731 2239 0.5
731 2480 0.5
732 832 0.5
732 1124 0.5
732 1274 0.5
732 1531 0.5
732 2105 0.5
732 2174 0.5
732 2260 0.5
732 2726 0.5
732 2900 0.5
733 1272 0.5
734 1316 0.5
734 1471 0.5
734 1708 0.5
734 2113 0.5
734 2614 0.5
735 1395 0.5
735 1461 0.5
735 2448 0.5
737 1880 0.5
737 2583 0.5
738 927 0.5
738 1087 0.5
738 1539 0.5
738 1695 0.5
738 1767 0.5
738 1815 0.5
738 2133 0.5
738 2409 0.5
739 1084 0.5
741 1978 0.5
742 1210 0.5
742 2046 0.5
743 1311 0.5
744 1285 0.5
744 1454 0.5
744 1528 0.5
745 2889 0.5
746 799 0.5
747 845 0.5
748 1346 0.5
748 2169 0.5
748 2911 0.5
749 1343 0.5
750 1178 0.5
750 2879 0.5
751 2391 0.5
752 1611 0.5
753 991 0.5
753 1113 0.5
753 1496 0.5
753 2235 0.5
753 2411 0.5
753 2473 0.5
754 853 0.5
754 1080 0.5
754 1450 0.5
754 1686 0.5
754 2147 0.5
754 2408 0.5
755 2158 0.5
756 1255 0.5
756 2146 0.5
758 929 0.5
758 944 0.5
758 1362 0.5
758 1438 0.5
758 1493 0.5
758 1724 0.5
758 2474 0.5
759 1276 0.5
759 1585 0.5
761 1006 0.5
762 841 0.5
762 1156 0.5
762 1426 0.5
762 1578 0.5
764 1072 0.5
765 1584 0.5
765 2643 0.5
767 1189 0.5
767 2276 0.5
768 1031 0.5
768 1131 0.5
768 1630 0.5
768 2020 0.5
768 2230 0.5
769 1494 0.5
769 1502 0.5
769 2842 0.5
770 1023 0.5
770 1122 0.5
772 1030 0.5
774 849 0.5
774 994 0.5
774 1194 0.5
774 1247 0.5
774 1844 0.5
774 2516 0.5
775 807 0.5
775 1247 0.5
775 1825 0.5
775 2808 0.5
776 957 0.5
776 1543 0.5
776 1893 0.5
776 2225 0.5
776 2272 0.5
776 2410 0.5
776 2521 0.5
777 887 0.5
777 2149 0.5
783 1043 0.5
783 1314 0.5
783 1570 0.5
783 1594 0.5
783 1731 0.5
783 2096 0.5
783 2373 0.5
783 2439 0.5
783 2781 0.5
783 2957 0.5
784 1263 0.5
784 1330 0.5
784 1560 0.5
784 1988 0.5
784 2293 0.5
785 1371 0.5
787 2590 0.5
787 2592 0.5
788 1380 0.5
788 2844 0.5
791 2543 0.5
794 806 0.5
794 1089 0.5
794 1143 0.5
794 1228 0.5
794 1598 0.5
794 1756 0.5
794 1829 0.5
794 2634 0.5
794 2919 0.5
795 1261 0.5
795 1985 0.5
796 923 0.5
796 1232 0.5
796 1781 0.5
796 2016 0.5
797 2829 0.5
798 955 0.5
798 1340 0.5
798 1385 0.5
798 1614 0.5
798 1983 0.5
798 2149 0.5
798 2291 0.5
798 2561 0.5
798 2862 0.5
798 2878 0.5
799 1681 0.5
800 1525 0.5
800 2550 0.5
801 854 0.5
801 905 0.5
801 1179 0.5
801 2163 0.5
803 1506 0.5
804 1238 0.5
804 1965 0.5
804 2771 0.5
805 986 0.5
805 1883 0.5
806 892 0.5
806 934 0.5
806 1597 0.5
806 2042 0.5
806 2996 0.5
807 2185 0.5
807 2334 0.5
808 969 0.5
809 844 0.5
809 922 0.5
812 1112 0.5
812 1744 0.5
812 2817 0.5
813 2742 0.5
814 1440 0.5
815 870 0.5
816 1184 0.5
816 2587 0.5
817 1566 0.5
817 2353 0.5
819 2734 0.5
820 1092 0.5
820 1152 0.5
822 847 0.5
822 1766 0.5
822 2915 0.5
823 1381 0.5
823 1615 0.5
823 2707 0.5
824 1468 0.5
824 1469 0.5
824 1656 0.5
824 2492 0.5
824 2981 0.5
827 1167 0.5
827 1871 0.5
827 2790 0.5
830 831 0.5
830 851 0.5
830 1920 0.5
830 2502 0.5
830 2704 0.5
831 2234 0.5
832 1044 0.5
832 1278 0.5
832 2060 0.5
832 2700 0.5
834 1427 0.5
834 2177 0.5
834 2260 0.5
836 1782 0.5
836 2381 0.5
837 1169 0.5
837 2240 0.5
840 1001 0.5
840 1492 0.5
840 1553 0.5
840 2268 0.5
840 2610 0.5
841 1672 0.5
841 1803 0.5
842 1173 0.5
842 2064 0.5
843 930 0.5
843 1118 0.5
843 1589 0.5
844 1341 0.5
844 1610 0.5
844 2035 0.5
845 1861 0.5
845 1933 0.5
845 2226 0.5
847 864 0.5
847 2256 0.5
847 2863 0.5
848 2156 0.5
848 2655 0.5
851 1383 0.5
851 2759 0.5
852 1313 0.5
852 1517 0.5
852 2050 0.5
853 995 0.5
853 1930 0.5
854 1820 0.5
855 1915 0.5
855 2064 0.5
856 2576 0.5
857 1175 0.5
857 1973 0.5
857 2193 0.5
857 2434 0.5
857 2498 0.5
857 2681 0.5
858 2258 0.5
859 1025 0.5
859 1234 0.5
860 1948 0.5
862 1252 0.5
863 2208 0.5
864 1118 0.5
864 1478 0.5
864 1796 0.5
866 1581 0.5
868 1812 0.5
869 1005 0.5
869 2503 0.5
871 966 0.5
871 1513 0.5
871 1527 0.5
871 2708 0.5
872 1218 0.5
873 1518 0.5
873 2752 0.5
874 1060 0.5
874 1708 0.5
875 1093 0.5
876 1452 0.5
877 2696 0.5
878 1972 0.5
878 2871 0.5
880 919 0.5
880 1639 0.5
880 2284 0.5
881 1282 0.5
881 2315 0.5
882 2569 0.5
882 2980 0.5
884 953 0.5
884 1852 0.5
884 2536 0.5
884 2632 0.5
885 952 0.5
887 1788 0.5
887 1809 0.5
890 1387 0.5
890 1515 0.5
891 2951 0.5
892 1460 0.5
892 1922 0.5
893 1314 0.5
894 2369 0.5
895 918 0.5
895 1547 0.5
895 1550 0.5
895 2087 0.5
896 2004 0.5
896 2008 0.5
898 1308 0.5
898 1910 0.5
900 2947 0.5
904 980 0.5
904 1179 0.5
905 1107 0.5
905 1699 0.5
905 2566 0.5
907 1899 0.5
908 1455 0.5
908 1591 0.5
908 1747 0.5
909 2265 0.5
910 961 0.5
910 1237 0.5
910 1667 0.5
910 2630 0.5
912 2024 0.5
914 1646 0.5
914 1669 0.5
914 1954 0.5
916 1249 0.5
918 924 0.5
918 1141 0.5
918 1562 0.5
918 1652 0.5
918 1784 0.5
919 1061 0.5
919 1586 0.5
920 1309 0.5
920 2112 0.5
920 2531 0.5
921 2528 0.5
922 1033 0.5
922 1950 0.5
922 2360 0.5
922 2481 0.5
923 988 0.5
923 1389 0.5
923 2207 0.5
924 1149 0.5
924 1295 0.5
925 1657 0.5
925 2374 0.5
926 1980 0.5
926 2453 0.5
928 1157 0.5
928 1315 0.5
928 1552 0.5
929 1180 0.5
930 1714 0.5
930 2190 0.5
930 2990 0.5
931 1455 0.5
931 1544 0.5
933 2129 0.5
934 1254 0.5
937 2165 0.5
937 2181 0.5
937 2407 0.5
937 2793 0.5
939 1617 0.5
941 2441 0.5
941 2561 0.5
942 1775 0.5
942 2124 0.5
943 1702 0.5
943 1923 0.5
943 2927 0.5
944 1014 0.5
944 1932 0.5
948 985 0.5
948 2135 0.5
948 2689 0.5
949 2200 0.5
949 2932 0.5
950 1475 0.5
951 2134 0.5
954 1404 0.5
954 2740 0.5
955 1208 0.5
955 1668 0.5
955 2139 0.5
956 1802 0.5
958 1211 0.5
958 2089 0.5
958 2970 0.5
959 2937 0.5
960 2339 0.5
960 2384 0.5
961 1109 0.5
961 1453 0.5
961 1967 0.5
961 2107 0.5
961 2306 0.5
961 2519 0.5
961 2826 0.5
961 2921 0.5
962 2422 0.5
963 1819 0.5
967 1173 0.5
967 2565 0.5
967 2963 0.5
969 1018 0.5
969 1748 0.5
970 2640 0.5
971 1186 0.5
972 1514 0.5
972 2929 0.5
973 1158 0.5
973 2571 0.5
975 1066 0.5
975 1491 0.5
975 1762 0.5
975 2666 0.5
979 1259 0.5
983 2860 0.5
984 1012 0.5
984 1416 0.5
984 1432 0.5
984 1494 0.5
984 2208 0.5
984 2460 0.5
990 1946 0.5
990 2325 0.5
990 2654 0.5
990 2792 0.5
991 1649 0.5
992 1135 0.5
992 1855 0.5
993 1480 0.5
994 1184 0.5
994 2285 0.5
995 1456 0.5
995 1939 0.5
995 2263 0.5
996 2890 0.5
998 2290 0.5
999 1270 0.5
999 2444 0.5
1000 1212 0.5
1005 2167 0.5
1006 1685 0.5
1007 1192 0.5
1009 1593 0.5
1010 1609 0.5
1013 1120 0.5
1013 1646 0.5
1013 2848 0.5
1014 2112 0.5
1016 1711 0.5
1016 2127 0.5
1016 2184 0.5
1016 2622 0.5
1017 1073 0.5
1017 1635 0.5
1017 2462 0.5
1017 2567 0.5
1017 2788 0.5
1017 2999 0.5
1018 1838 0.5
1018 2127 0.5
1019 1462 0.5
1019 2253 0.5
1019 2834 0.5
1019 2881 0.5
1021 1209 0.5
1021 1462 0.5
1021 2985 0.5
1025 2992 0.5
1026 1053 0.5
1028 1509 0.5
1028 1521 0.5
1028 2267 0.5
1030 2040 0.5
1031 2541 0.5
1032 2460 0.5
1032 2465 0.5
1033 1303 0.5
1033 1974 0.5
1034 1038 0.5
1034 1117 0.5
1034 1439 0.5
1034 2419 0.5
1035 2762 0.5
1036 1482 0.5
1037 1773 0.5
1038 1484 0.5
1038 1867 0.5
1040 1378 0.5
1040 1621 0.5
1040 2599 0.5
1041 1374 0.5
1041 1902 0.5
1041 2006 0.5
1041 2194 0.5
1041 2603 0.5
1042 2418 0.5
1042 2601 0.5
1042 2949 0.5
1043 1086 0.5
1043 2182 0.5
1045 1853 0.5
1046 2082 0.5
1047 1109 0.5
1047 2033 0.5
1048 2735 0.5
1049 1119 0.5
1049 1603 0.5
1049 1889 0.5
1049 2061 0.5
1049 2662 0.5
1050 1262 0.5
1050 2279 0.5
1050 2575 0.5
1050 2647 0.5
1051 1353 0.5
1051 1615 0.5
1051 2110 0.5
1051 2150 0.5
1051 2337 0.5
1051 2794 0.5
1052 1666 0.5
1053 2535 0.5
1055 2584 0.5
1060 1966 0.5
1065 1532 0.5
1065 2211 0.5
1065 2940 0.5
1066 2890 0.5
1067 2743 0.5
1069 1180 0.5
1072 1411 0.5
1073 2462 0.5
1077 2414 0.5
1078 1082 0.5
1080 1211 0.5
1080 1602 0.5
1080 2497 0.5
1082 1484 0.5
1082 1749 0.5
1083 2706 0.5
1084 1857 0.5
1084 2321 0.5
1084 2762 0.5
1085 2693 0.5
1086 1383 0.5
1086 1998 0.5
1086 2037 0.5
1087 2825 0.5
1088 1995 0.5
1088 2013 0.5
1089 1143 0.5
1089 2001 0.5
1089 2987 0.5
1091 1667 0.5
1091 1735 0.5
1093 1127 0.5
1093 1354 0.5
1093 1772 0.5
1093 2505 0.5
1098 1702 0.5
1098 2699 0.5
1100 1815 0.5
1100 2203 0.5
1101 1929 0.5
1102 1448 0.5
1102 2585 0.5
1103 1723 0.5
1105 1808 0.5
1108 1994 0.5
1108 2695 0.5
1109 1350 0.5
1109 1594 0.5
1110 1549 0.5
1110 2401 0.5
1111 1997 0.5
1111 2853 0.5
1112 1517 0.5
1113 1619 0.5
1113 1911 0.5
1113 2210 0.5
1113 2473 0.5
1114 2748 0.5
1115 2012 0.5
1115 2911 0.5
1116 2328 0.5
1117 1638 0.5
1117 1713 0.5
1117 1878 0.5
1119 1171 0.5
1119 1223 0.5
1119 1613 0.5
1119 2430 0.5
1121 1248 0.5
1121 1296 0.5
1121 1574 0.5
1121 1920 0.5
1121 2740 0.5
1122 2195 0.5
1126 2854 0.5
1127 1592 0.5
1127 2503 0.5
1127 2628 0.5
1127 2874 0.5
1128 1841 0.5
1130 1310 0.5
1134 1176 0.5
1134 1547 0.5
1134 2677 0.5
1135 1266 0.5
1135 1580 0.5
1135 2363 0.5
1136 1169 0.5
1136 2333 0.5
1137 1148 0.5
1137 2479 0.5
1138 2394 0.5
1138 2398 0.5
1140 1370 0.5
1143 1228 0.5
1143 2421 0.5
1145 2393 0.5
1146 2629 0.5
1147 1395 0.5
1147 1864 0.5
1147 1943 0.5
1147 2048 0.5
1148 1556 0.5
1148 2560 0.5
1149 1715 0.5
1149 2788 0.5
1150 2510 0.5
1151 2564 0.5
1152 2540 0.5
1153 1570 0.5
1153 1576 0.5
1153 1802 0.5
1154 1225 0.5
1156 2050 0.5
1156 2387 0.5
1160 1378 0.5
1161 2159 0.5
1162 1840 0.5
1162 1891 0.5
1164 1554 0.5
1164 1799 0.5
1164 1887 0.5
1164 2014 0.5
1164 2301 0.5
1164 2338 0.5
1167 2790 0.5
1168 1792 0.5
1168 1941 0.5
1170 1430 0.5
1171 1694 0.5
1173 1768 0.5
1173 2620 0.5
1176 1268 0.5
1176 2426 0.5
1176 2470 0.5
1176 2983 0.5
1178 1534 0.5
1179 1400 0.5
1182 2043 0.5
1183 2239 0.5
1186 2307 0.5
1188 1239 0.5
1188 1793 0.5
1190 1604 0.5
1191 1659 0.5
1192 1682 0.5
1193 2380 0.5
1194 1832 0.5
1195 1365 0.5
1195 2449 0.5
1196 2456 0.5
1197 1290 0.5
1197 1674 0.5
1199 2220 0.5
1200 1599 0.5
1200 1789 0.5
1203 1707 0.5
1203 1931 0.5
1205 1221 0.5
1205 1485 0.5
1205 1618 0.5
1205 1793 0.5
1205 2774 0.5
1206 1670 0.5
1208 1650 0.5
1209 1817 0.5
1212 1568 0.5
1213 2349 0.5
1214 1260 0.5
1214 1480 0.5
1214 1897 0.5
1214 2001 0.5
1214 2111 0.5
1214 2320 0.5
1214 2362 0.5
1219 1794 0.5
1222 1552 0.5
1222 2067 0.5
1223 1783 0.5
1225 1622 0.5
1225 2881 0.5
1226 2340 0.5
1228 2914 0.5
1230 1441 0.5
1231 2221 0.5
1234 2201 0.5
1234 2238 0.5
1235 1804 0.5
1237 2522 0.5
1238 1306 0.5
1239 2352 0.5
1240 1326 0.5
1240 1626 0.5
1241 1679 0.5
1241 1924 0.5
1241 2037 0.5
1242 1935 0.5
1242 2406 0.5
1244 2966 0.5
1245 1868 0.5
1245 2061 0.5
1245 2398 0.5
1250 1356 0.5
1250 2084 0.5
1250 2809 0.5
1251 1925 0.5
1251 2376 0.5
1255 2140 0.5
1259 1917 0.5
1259 2286 0.5
1262 2648 0.5
1262 2658 0.5
1262 2786 0.5
1265 1496 0.5
1267 1719 0.5
1268 1524 0.5
1268 2983 0.5
1270 1873 0.5
1271 1550 0.5
1272 1351 0.5
1272 2425 0.5
1272 2623 0.5
1272 2906 0.5
1274 1309 0.5
1275 1364 0.5
1276 1385 0.5
1276 1636 0.5
1276 2055 0.5
1276 2362 0.5
1277 1472 0.5
1278 2872 0.5
1279 1960 0.5
1279 2023 0.5
1279 2316 0.5
1279 2322 0.5
1279 2735 0.5
1279 2901 0.5
1280 1696 0.5
1282 2690 0.5
1283 1846 0.5
1284 1398 0.5
1284 1886 0.5
1284 2095 0.5
1285 1633 0.5
1287 2838 0.5
1287 2897 0.5
1290 1498 0.5
1293 1407 0.5
1293 1790 0.5
1293 2445 0.5
1293 2496 0.5
1293 2511 0.5
1294 1329 0.5
1296 2076 0.5
1296 2130 0.5
1297 2468 0.5
1299 2773 0.5
1302 2065 0.5
1302 2289 0.5
1305 2010 0.5
1306 1421 0.5
1307 1628 0.5
1310 1705 0.5
1312 1394 0.5
1312 1443 0.5
1312 2341 0.5
1312 2954 0.5
1313 1682 0.5
1314 1396 0.5
1316 1482 0.5
1316 2153 0.5
1316 2595 0.5
1317 2078 0.5
1318 1964 0.5
1319 1771 0.5
1319 1925 0.5
1319 2470 0.5
1320 1367 0.5
1322 2717 0.5
1324 2059 0.5
1324 2172 0.5
1324 2492 0.5
1324 2667 0.5
1326 1983 0.5
1326 2648 0.5
1332 2768 0.5
1333 1934 0.5
1334 1872 0.5
1336 1437 0.5
1336 2546 0.5
1336 2669 0.5
1339 2407 0.5
1340 1419 0.5
1340 1463 0.5
1340 1623 0.5
1342 1725 0.5
1342 1884 0.5
1344 1671 0.5
1346 1375 0.5
1346 2047 0.5
1346 2916 0.5
1346 2994 0.5
1350 1490 0.5
1353 2626 0.5
1354 1595 0.5
1354 2098 0.5
1355 2359 0.5
1357 2191 0.5
1358 1584 0.5
1360 2068 0.5
1360 2368 0.5
1360 2395 0.5
1361 2283 0.5
1363 1386 0.5
1365 2684 0.5
1365 2928 0.5
1369 2131 0.5
1371 1813 0.5
1372 1522 0.5
1372 1847 0.5
1373 2057 0.5
1377 2887 0.5
1377 2936 0.5
1380 1976 0.5
1386 2295 0.5
1387 1405 0.5
1387 2866 0.5
1388 1736 0.5
1389 2476 0.5
1391 1918 0.5
1392 2020 0.5
1393 1946 0.5
1394 2954 0.5
1395 1457 0.5
1396 2705 0.5
1396 2960 0.5
1397 1605 0.5
1397 1755 0.5
1397 2055 0.5
1397 2420 0.5
1399 2101 0.5
1400 1818 0.5
1401 1572 0.5
1401 2490 0.5
1402 2150 0.5
1403 2071 0.5
1405 2774 0.5
1407 2934 0.5
1409 1811 0.5
1411 2765 0.5
1411 2927 0.5
1412 2836 0.5
1413 2525 0.5
1416 2247 0.5
1418 1500 0.5
1418 1797 0.5
1418 2159 0.5
1418 2616 0.5
1418 2683 0.5
1419 2976 0.5
1420 2287 0.5
1420 2895 0.5
1421 1433 0.5
1421 2196 0.5
1422 2435 0.5
1422 2627 0.5
1422 2644 0.5
1426 2223 0.5
1432 1826 0.5
1433 2356 0.5
1434 1588 0.5
1435 2443 0.5
1436 1830 0.5
1437 1976 0.5
1437 2917 0.5
1437 2969 0.5
1438 2688 0.5
1438 2867 0.5
1441 1821 0.5
1441 2039 0.5
1443 2672 0.5
1444 1673 0.5
1444 2396 0.5
1446 1831 0.5
1446 2343 0.5
1446 2365 0.5
1446 2642 0.5
1447 1756 0.5
1448 1664 0.5
1448 1977 0.5
1451 1465 0.5
1452 1888 0.5
1453 1611 0.5
1455 2170 0.5
1455 2410 0.5
1455 2419 0.5
1455 2438 0.5
1460 2216 0.5
1464 1812 0.5
1464 1879 0.5
1464 2378 0.5
1464 2533 0.5
1464 2909 0.5
1466 1663 0.5
1466 1807 0.5
1466 2135 0.5
1466 2215 0.5
1466 2564 0.5
1466 2898 0.5
1467 1738 0.5
1467 2000 0.5
1468 1469 0.5
1468 2524 0.5
1469 1894 0.5
1471 2787 0.5
1472 2259 0.5
1474 1507 0.5
1474 2142 0.5
1475 1760 0.5
1480 1930 0.5
1480 2337 0.5
1481 1629 0.5
1481 1924 0.5
1482 1658 0.5
1484 2285 0.5
1484 2565 0.5
1484 2783 0.5
1484 2993 0.5
1487 2269 0.5
1487 2727 0.5
1490 2457 0.5
1490 2935 0.5
1493 2763 0.5
1493 2803 0.5
1494 1538 0.5
1496 1625 0.5
1496 1751 0.5
1496 2056 0.5
1499 2450 0.5
1503 1698 0.5
1505 1957 0.5
1505 2491 0.5
1508 1664 0.5
1508 2137 0.5
1508 2863 0.5
1509 2303 0.5
1510 1575 0.5
1510 2907 0.5
1511 2508 0.5
1512 2755 0.5
1514 2554 0.5
1514 2754 0.5
1517 2141 0.5
1523 2029 0.5
1523 2032 0.5
1526 1616 0.5
1527 1729 0.5
1528 2259 0.5
1539 2563 0.5
1540 2293 0.5
1540 2705 0.5
1540 2946 0.5
1546 2680 0.5
1547 1926 0.5
1547 2423 0.5
1547 2488 0.5
1547 2755 0.5
1550 2087 0.5
1550 2741 0.5
1552 1653 0.5
1554 1626 0.5
1554 2019 0.5
1554 2130 0.5
1554 2458 0.5
1554 2758 0.5
1556 2393 0.5
1557 1567 0.5
1557 1703 0.5
1557 1749 0.5
1557 1913 0.5
1558 2555 0.5
1560 1800 0.5
1560 1921 0.5
1560 2317 0.5
1560 2404 0.5
1561 2678 0.5
1563 1904 0.5
1563 2463 0.5
1566 1753 0.5
1566 1938 0.5
1568 2638 0.5
1576 1761 0.5
1576 2906 0.5
1578 2161 0.5
1582 2454 0.5
1583 1982 0.5
1584 1912 0.5
1589 2351 0.5
1589 2734 0.5
1590 2739 0.5
1590 2969 0.5
1591 1598 0.5
1591 1788 0.5
1593 2015 0.5
1593 2464 0.5
1597 1857 0.5
1599 1704 0.5
1600 1743 0.5
1601 2748 0.5
1602 1801 0.5
1602 2007 0.5
1602 2224 0.5
1602 2459 0.5
1602 2666 0.5
1603 1921 0.5
1603 2736 0.5
1607 2679 0.5
1610 2189 0.5
1614 1750 0.5
1614 1996 0.5
1615 2146 0.5
1618 1972 0.5
1618 2332 0.5
1618 2440 0.5
1624 1867 0.5
1624 2085 0.5
1624 2116 0.5
1624 2190 0.5
1626 2442 0.5
1626 2489 0.5
1626 2651 0.5
1628 1631 0.5
1628 2922 0.5
1629 2540 0.5
1630 2686 0.5
1632 2212 0.5
1636 2729 0.5
1639 1661 0.5
1642 2645 0.5
1643 2388 0.5
1646 2810 0.5
1650 1779 0.5
1650 2433 0.5
1650 2854 0.5
1653 1865 0.5
1653 2546 0.5
1653 2948 0.5
1654 2199 0.5
1657 1721 0.5
1659 2352 0.5
1660 1969 0.5
1661 2797 0.5
1663 1807 0.5
1670 1843 0.5
1670 2910 0.5
1673 2604 0.5
1674 1850 0.5
1675 2837 0.5
1676 1735 0.5
1676 2918 0.5
1679 2652 0.5
1681 2634 0.5
1682 2119 0.5
1682 2725 0.5
1686 2936 0.5
1688 2347 0.5
1689 2377 0.5
1693 2709 0.5
1695 2714 0.5
1696 1961 0.5
1697 2938 0.5
1698 1700 0.5
1698 2857 0.5
1699 2597 0.5
1703 2371 0.5
1704 2732 0.5
1706 2504 0.5
1707 2628 0.5
1709 2534 0.5
1717 2780 0.5
1718 2888 0.5
1719 2833 0.5
1721 2069 0.5
1722 1805 0.5
1722 1956 0.5
1727 2013 0.5
1727 2290 0.5
1727 2600 0.5
1730 1958 0.5
1730 2160 0.5
1735 2918 0.5
1738 2313 0.5
1738 2448 0.5
1740 2359 0.5
1740 2477 0.5
1742 2420 0.5
1746 2254 0.5
1748 1948 0.5
1752 2683 0.5
1754 2228 0.5
1755 1870 0.5
1759 1876 0.5
1761 2094 0.5
1761 2655 0.5
1762 1829 0.5
1763 2200 0.5
1770 2725 0.5
1773 2720 0.5
1777 2186 0.5
1780 1833 0.5
1780 1909 0.5
1780 2075 0.5
1781 2891 0.5
1785 2003 0.5
1786 2217 0.5
1789 2374 0.5
1798 1823 0.5
1799 1858 0.5
1799 2358 0.5
1800 1996 0.5
1803 2560 0.5
1806 1984 0.5
1806 2929 0.5
1807 2647 0.5
1807 2865 0.5
1808 2500 0.5
1808 2509 0.5
1809 2603 0.5
1812 2577 0.5
1814 2752 0.5
1815 2121 0.5
1816 2086 0.5
1820 2021 0.5
1820 2496 0.5
1825 2099 0.5
1825 2506 0.5
1827 2302 0.5
1827 2307 0.5
1827 2668 0.5
1830 2138 0.5
1830 2573 0.5
1833 2689 0.5
1835 2839 0.5
1835 2943 0.5
1843 1951 0.5
1844 2003 0.5
1844 2294 0.5
1844 2310 0.5
1845 2552 0.5
1847 2749 0.5
1853 2303 0.5
1855 2517 0.5
1855 2588 0.5
1861 2026 0.5
1862 2868 0.5
1864 2504 0.5
1866 1880 0.5
1869 2623 0.5
1869 2785 0.5
1870 2676 0.5
1874 1949 0.5
1874 2571 0.5
1876 2887 0.5
1877 2405 0.5
1891 2661 0.5
1904 2300 0.5
1909 2481 0.5
1914 2536 0.5
1914 2633 0.5
1920 2995 0.5
1922 2578 0.5
1923 2428 0.5
1924 2136 0.5
1926 2539 0.5
1929 2805 0.5
1930 2843 0.5
1932 2192 0.5
1932 2232 0.5
1932 2275 0.5
1934 2436 0.5
1935 2032 0.5
1935 2080 0.5
1937 2732 0.5
1938 2769 0.5
1939 2391 0.5
1940 2022 0.5
1940 2358 0.5
1940 2483 0.5
1942 1995 0.5
1943 2009 0.5
1945 2545 0.5
1946 2276 0.5
1946 2772 0.5
1948 2541 0.5
1948 2691 0.5
1950 2038 0.5
1951 2933 0.5
1954 2108 0.5
1954 2474 0.5
1954 2738 0.5
1962 2641 0.5
1968 2381 0.5
1972 2698 0.5
1973 2639 0.5
1973 2800 0.5
1973 2958 0.5
1974 2164 0.5
1983 2651 0.5
1984 2558 0.5
1993 2671 0.5
1994 2523 0.5
1997 2350 0.5
1998 2340 0.5
1999 2152 0.5
2002 2757 0.5
2008 2847 0.5
2008 2988 0.5
2010 2526 0.5
2011 2461 0.5
2012 2913 0.5
2014 2516 0.5
2019 2224 0.5
2020 2360 0.5
2021 2324 0.5
2021 2870 0.5
2022 2162 0.5
2023 2251 0.5
2026 2726 0.5
2027 2145 0.5
2028 2981 0.5
2029 2606 0.5
2033 2154 0.5
2035 2179 0.5
2040 2278 0.5
2045 2412 0.5
2045 2582 0.5
2048 2839 0.5
2053 2599 0.5
2058 2798 0.5
2064 2079 0.5
2065 2480 0.5
2074 2266 0.5
2075 2904 0.5
2076 2487 0.5
2077 2442 0.5
2083 2476 0.5
2084 2375 0.5
2092 2451 0.5
2092 2723 0.5
2093 2487 0.5
2094 2602 0.5
2101 2109 0.5
2105 2538 0.5
2106 2277 0.5
2106 2625 0.5
2111 2246 0.5
2111 2383 0.5
2114 2227 0.5
2116 2118 0.5
2120 2511 0.5
2128 2650 0.5
2129 2471 0.5
2133 2913 0.5
2133 2939 0.5
2144 2187 0.5
2145 2417 0.5
2148 2744 0.5
2149 2508 0.5
2165 2353 0.5
2172 2296 0.5
2174 2941 0.5
2178 2770 0.5
2182 2361 0.5
2185 2514 0.5
2188 2828 0.5
2188 2925 0.5
2190 2499 0.5
2190 2785 0.5
2190 2791 0.5
2200 2760 0.5
2203 2800 0.5
2207 2965 0.5
2209 2364 0.5
2220 2941 0.5
2230 2998 0.5
2231 2245 0.5
2231 2780 0.5
2231 2856 0.5
2235 2296 0.5
2235 2444 0.5
2236 2493 0.5
2237 2411 0.5
2241 2737 0.5
2247 2796 0.5
2248 2744 0.5
2248 2864 0.5
2249 2907 0.5
2251 2777 0.5
2269 2581 0.5
2275 2939 0.5
2276 2806 0.5
2279 2649 0.5
2279 2868 0.5
2280 2831 0.5
2280 2973 0.5
2295 2733 0.5
2299 2575 0.5
2300 2526 0.5
2302 2515 0.5
2310 2892 0.5
2311 2598 0.5
2311 2967 0.5
2319 2722 0.5
2329 2518 0.5
2335 2832 0.5
2344 2659 0.5
2352 2613 0.5
2363 2843 0.5
2367 2547 0.5
2370 2769 0.5
2376 2485 0.5
2377 2956 0.5
2384 2955 0.5
2385 2596 0.5
2385 2840 0.5
2385 2978 0.5
2391 2612 0.5
2392 2675 0.5
2392 2822 0.5
2392 2982 0.5
2393 2605 0.5
2398 2950 0.5
2405 2586 0.5
2409 2928 0.5
2410 2751 0.5
2412 2952 0.5
2413 2415 0.5
2413 2529 0.5
2417 2553 0.5
2419 2771 0.5
2419 2931 0.5
2421 2984 0.5
2423 2896 0.5
2423 2957 0.5
2432 2772 0.5
2436 2619 0.5
2440 2445 0.5
2442 2923 0.5
2445 2995 0.5
2451 2559 0.5
2463 2574 0.5
2464 2851 0.5
2465 2949 0.5
2473 2687 0.5
2473 2710 0.5
2474 2700 0.5
2482 2903 0.5
2492 2739 0.5
2503 2692 0.5
2505 2760 0.5
2505 2869 0.5
2508 2570 0.5
2514 2953 0.5
2521 2692 0.5
2529 2876 0.5
2530 2733 0.5
2535 2874 0.5
2540 2823 0.5
2541 2593 0.5
2545 2846 0.5
2553 2703 0.5
2558 2989 0.5
2576 2687 0.5
2581 2977 0.5
2591 2697 0.5
2594 2595 0.5
2596 2978 0.5
2597 2747 0.5
2602 2807 0.5
2612 2646 0.5
2612 2973 0.5
2614 2756 0.5
2615 2638 0.5
2626 2979 0.5
2630 2885 0.5
2630 2940 0.5
2632 2930 0.5
2633 2642 0.5
2635 2849 0.5
2642 2745 0.5
2644 2815 0.5
2663 2883 0.5
2666 2721 0.5
2676 2761 0.5
2705 2716 0.5
2705 2994 0.5
2707 2826 0.5
2712 2848 0.5
2722 2814 0.5
2724 2950 0.5
2744 2775 0.5
2759 2814 0.5
2759 2971 0.5
2761 2820 0.5
2826 2964 0.5
2834 2836 0.5
2856 2931 0.5
2896 2999 0.5
2914 2937 0.5
2934 2968 0.5
