0 2 0.5
0 3 0.5
0 4 0.5
0 5 0.5
0 12 0.5
0 14 0.5
0 18 0.5
0 24 0.5
0 25 0.5
0 29 0.5
0 31 0.5
0 36 0.5
0 38 0.5
0 44 0.5
0 46 0.5
0 59 0.5
0 62 0.5
0 69 0.5
0 70 0.5
0 72 0.5
0 76 0.5
0 110 0.5
0 121 0.5
0 143 0.5
0 146 0.5
0 152 0.5
0 180 0.5
0 190 0.5
0 194 0.5
0 197 0.5
0 199 0.5
0 204 0.5
0 213 0.5
0 221 0.5
0 253 0.5
0 257 0.5
0 272 0.5
0 275 0.5
0 277 0.5
0 281 0.5
0 282 0.5
0 293 0.5
0 315 0.5
0 334 0.5
0 342 0.5
0 350 0.5
0 352 0.5
0 385 0.5
1 2 0.5
1 8 0.5
1 13 0.5
1 19 0.5
1 27 0.5
1 40 0.5
1 60 0.5
1 80 0.5
1 81 0.5
1 92 0.5
1 125 0.5
1 144 0.5
1 185 0.5
1 196 0.5
1 262 0.5
1 340 0.5
2 3 0.5
2 4 0.5
2 6 0.5
2 7 0.5
2 9 0.5
2 10 0.5
2 11 0.5
2 15 0.5
2 16 0.5
2 19 0.5
2 22 0.5
2 23 0.5
2 26 0.5
2 30 0.5
2 35 0.5
2 39 0.5
2 40 0.5
2 46 0.5
2 47 0.5
2 59 0.5
2 64 0.5
2 66 0.5
2 68 0.5
2 69 0.5
2 70 0.5
2 76 0.5
2 94 0.5
2 96 0.5
2 97 0.5
2 99 0.5
2 110 0.5
2 128 0.5
2 148 0.5
2 153 0.5
2 159 0.5
2 166 0.5
2 172 0.5
2 174 0.5
2 177 0.5
2 187 0.5
2 198 0.5
2 208 0.5
2 211 0.5
2 212 0.5
2 219 0.5
2 224 0.5
2 233 0.5
2 251 0.5
2 273 0.5
2 276 0.5
2 291 0.5
2 295 0.5
2 298 0.5
2 303 0.5
2 312 0.5
2 313 0.5
2 318 0.5
2 319 0.5
2 327 0.5
2 329 0.5
2 336 0.5
2 353 0.5
2 361 0.5
2 382 0.5
2 384 0.5
2 390 0.5
2 396 0.5
2 398 0.5
3 6 0.5
3 13 0.5
3 15 0.5
3 17 0.5
3 22 0.5
3 29 0.5
3 78 0.5
3 80 0.5
3 81 0.5
3 82 0.5
3 84 0.5
3 116 0.5
3 255 0.5
3 274 0.5
3 279 0.5
3 294 0.5
3 296 0.5
3 312 0.5
3 391 0.5
4 5 0.5
4 7 0.5
4 8 0.5
4 9 0.5
4 16 0.5
4 33 0.5
4 48 0.5
4 63 0.5
4 75 0.5
4 89 0.5
4 97 0.5
4 101 0.5
4 117 0.5
4 120 0.5
4 196 0.5
4 246 0.5
4 287 0.5
4 380 0.5
4 389 0.5
5 10 0.5
5 18 0.5
5 20 0.5
5 25 0.5
5 33 0.5
5 36 0.5
5 55 0.5
5 58 0.5
5 66 0.5
5 75 0.5
5 86 0.5
5 130 0.5
5 149 0.5
5 153 0.5
5 157 0.5
5 183 0.5
5 210 0.5
5 224 0.5
5 278 0.5
5 280 0.5
5 331 0.5
5 338 0.5
5 347 0.5
5 350 0.5
5 362 0.5
6 72 0.5
6 117 0.5
7 17 0.5
7 20 0.5
7 21 0.5
7 28 0.5
7 41 0.5
7 50 0.5
7 52 0.5
7 62 0.5
7 68 0.5
7 111 0.5
7 126 0.5
7 234 0.5
7 248 0.5
7 254 0.5
7 257 0.5
7 269 0.5
7 284 0.5
7 297 0.5
7 377 0.5
8 21 0.5
8 31 0.5
8 119 0.5
9 39 0.5
9 120 0.5
9 276 0.5
10 11 0.5
10 49 0.5
10 114 0.5
10 189 0.5
10 277 0.5
11 12 0.5
11 14 0.5
11 27 0.5
11 37 0.5
11 45 0.5
11 52 0.5
11 60 0.5
11 85 0.5
11 89 0.5
11 90 0.5
11 93 0.5
11 98 0.5
11 104 0.5
11 113 0.5
11 132 0.5
11 137 0.5
11 139 0.5
11 172 0.5
11 182 0.5
11 194 0.5
11 249 0.5
11 264 0.5
11 275 0.5
12 35 0.5
12 77 0.5
12 158 0.5
12 171 0.5
12 178 0.5
12 182 0.5
12 234 0.5
12 272 0.5
12 301 0.5
12 324 0.5
12 333 0.5
13 115 0.5
14 32 0.5
14 83 0.5
14 87 0.5
14 155 0.5
14 282 0.5
14 304 0.5
15 23 0.5
15 28 0.5
15 47 0.5
15 61 0.5
15 65 0.5
15 73 0.5
15 98 0.5
15 99 0.5
15 104 0.5
15 148 0.5
15 258 0.5
15 370 0.5
15 390 0.5
16 30 0.5
16 91 0.5
16 95 0.5
16 123 0.5
16 298 0.5
17 142 0.5
17 207 0.5
17 267 0.5
17 369 0.5
18 77 0.5
18 109 0.5
18 122 0.5
18 140 0.5
18 179 0.5
18 181 0.5
18 203 0.5
18 228 0.5
18 243 0.5
18 248 0.5
18 295 0.5
18 316 0.5
19 49 0.5
19 111 0.5
19 136 0.5
19 193 0.5
19 337 0.5
21 24 0.5
21 32 0.5
21 34 0.5
21 41 0.5
21 43 0.5
21 51 0.5
21 56 0.5
21 95 0.5
21 128 0.5
21 140 0.5
21 192 0.5
21 204 0.5
21 292 0.5
21 315 0.5
21 341 0.5
21 364 0.5
21 388 0.5
21 392 0.5
22 26 0.5
22 83 0.5
22 118 0.5
22 173 0.5
22 215 0.5
22 305 0.5
22 342 0.5
23 37 0.5
23 141 0.5
23 179 0.5
24 34 0.5
24 43 0.5
24 51 0.5
24 53 0.5
24 108 0.5
24 126 0.5
24 131 0.5
24 151 0.5
24 177 0.5
24 185 0.5
24 265 0.5
24 299 0.5
25 300 0.5
26 44 0.5
26 56 0.5
27 222 0.5
27 247 0.5
28 57 0.5
28 108 0.5
28 158 0.5
28 159 0.5
28 163 0.5
28 226 0.5
28 227 0.5
28 236 0.5
28 261 0.5
28 278 0.5
28 351 0.5
28 381 0.5
29 131 0.5
29 187 0.5
29 271 0.5
29 288 0.5
29 344 0.5
29 346 0.5
29 348 0.5
30 64 0.5
30 71 0.5
31 135 0.5
31 167 0.5
31 311 0.5
32 50 0.5
32 109 0.5
32 124 0.5
32 378 0.5
33 134 0.5
33 238 0.5
34 42 0.5
34 91 0.5
34 209 0.5
34 241 0.5
34 256 0.5
34 270 0.5
34 271 0.5
34 323 0.5
35 38 0.5
35 42 0.5
35 79 0.5
35 100 0.5
35 206 0.5
35 226 0.5
35 321 0.5
36 48 0.5
36 112 0.5
36 118 0.5
36 355 0.5
36 394 0.5
37 45 0.5
37 86 0.5
37 96 0.5
37 115 0.5
37 149 0.5
37 308 0.5
37 396 0.5
39 53 0.5
39 67 0.5
39 78 0.5
39 122 0.5
39 164 0.5
39 175 0.5
39 178 0.5
39 285 0.5
40 85 0.5
40 129 0.5
40 162 0.5
40 217 0.5
40 223 0.5
40 261 0.5
40 304 0.5
40 309 0.5
40 322 0.5
41 54 0.5
41 74 0.5
41 138 0.5
41 176 0.5
41 302 0.5
41 346 0.5
41 352 0.5
41 395 0.5
42 54 0.5
42 63 0.5
42 123 0.5
42 133 0.5
42 209 0.5
42 217 0.5
42 246 0.5
42 285 0.5
42 290 0.5
42 375 0.5
43 58 0.5
43 65 0.5
43 73 0.5
43 171 0.5
43 208 0.5
43 280 0.5
43 367 0.5
43 386 0.5
43 399 0.5
44 112 0.5
44 139 0.5
44 150 0.5
44 151 0.5
44 356 0.5
44 382 0.5
45 349 0.5
46 61 0.5
47 55 0.5
47 79 0.5
47 137 0.5
47 201 0.5
48 100 0.5
48 200 0.5
48 207 0.5
48 230 0.5
48 316 0.5
49 57 0.5
49 107 0.5
49 260 0.5
50 252 0.5
51 230 0.5
51 320 0.5
52 88 0.5
52 121 0.5
52 141 0.5
52 160 0.5
52 220 0.5
52 225 0.5
52 266 0.5
53 129 0.5
53 136 0.5
53 155 0.5
53 156 0.5
53 170 0.5
53 174 0.5
53 195 0.5
53 214 0.5
53 216 0.5
53 225 0.5
53 245 0.5
53 334 0.5
53 351 0.5
53 372 0.5
54 193 0.5
54 292 0.5
55 67 0.5
55 202 0.5
55 264 0.5
55 360 0.5
55 397 0.5
57 106 0.5
57 147 0.5
57 317 0.5
57 347 0.5
58 142 0.5
59 90 0.5
59 181 0.5
59 235 0.5
59 242 0.5
59 284 0.5
60 105 0.5
60 333 0.5
61 74 0.5
61 198 0.5
62 87 0.5
62 203 0.5
62 353 0.5
62 387 0.5
63 341 0.5
63 368 0.5
67 157 0.5
67 175 0.5
68 93 0.5
68 127 0.5
68 147 0.5
68 150 0.5
68 253 0.5
68 286 0.5
69 71 0.5
69 82 0.5
69 88 0.5
69 133 0.5
69 237 0.5
69 301 0.5
69 303 0.5
69 343 0.5
69 366 0.5
70 107 0.5
70 218 0.5
70 357 0.5
72 366 0.5
74 101 0.5
74 242 0.5
74 283 0.5
74 306 0.5
74 325 0.5
76 119 0.5
76 160 0.5
76 221 0.5
76 262 0.5
76 297 0.5
77 240 0.5
78 130 0.5
78 183 0.5
78 372 0.5
79 84 0.5
79 103 0.5
79 105 0.5
79 173 0.5
79 205 0.5
80 320 0.5
80 381 0.5
81 267 0.5
81 335 0.5
83 106 0.5
83 206 0.5
83 314 0.5
83 328 0.5
84 94 0.5
84 168 0.5
84 227 0.5
85 92 0.5
85 103 0.5
85 113 0.5
85 218 0.5
85 263 0.5
85 307 0.5
85 354 0.5
86 184 0.5
87 138 0.5
87 211 0.5
89 134 0.5
89 180 0.5
89 286 0.5
90 229 0.5
90 379 0.5
91 102 0.5
91 250 0.5
91 348 0.5
93 114 0.5
93 152 0.5
94 161 0.5
95 124 0.5
96 317 0.5
96 321 0.5
97 102 0.5
97 283 0.5
98 161 0.5
98 239 0.5
99 188 0.5
99 397 0.5
100 143 0.5
100 220 0.5
100 263 0.5
101 116 0.5
102 144 0.5
102 145 0.5
102 339 0.5
103 156 0.5
103 176 0.5
103 245 0.5
103 324 0.5
105 165 0.5
106 279 0.5
108 195 0.5
108 213 0.5
108 287 0.5
109 359 0.5
111 127 0.5
112 259 0.5
112 260 0.5
113 332 0.5
113 374 0.5
115 250 0.5
116 146 0.5
116 165 0.5
116 166 0.5
116 184 0.5
117 154 0.5
118 252 0.5
118 375 0.5
119 186 0.5
119 259 0.5
120 338 0.5
121 125 0.5
121 132 0.5
121 212 0.5
121 235 0.5
122 222 0.5
124 135 0.5
126 164 0.5
127 214 0.5
127 232 0.5
127 355 0.5
128 167 0.5
128 323 0.5
128 359 0.5
129 168 0.5
129 169 0.5
129 229 0.5
129 270 0.5
129 354 0.5
130 189 0.5
131 201 0.5
131 223 0.5
131 232 0.5
132 258 0.5
134 145 0.5
134 191 0.5
134 247 0.5
134 310 0.5
136 154 0.5
137 188 0.5
140 170 0.5
140 199 0.5
141 162 0.5
142 228 0.5
142 364 0.5
143 318 0.5
144 363 0.5
146 356 0.5
147 202 0.5
147 249 0.5
147 328 0.5
147 384 0.5
148 190 0.5
151 289 0.5
151 363 0.5
151 393 0.5
152 329 0.5
153 290 0.5
154 163 0.5
154 307 0.5
154 332 0.5
155 192 0.5
155 379 0.5
157 197 0.5
157 368 0.5
158 219 0.5
158 241 0.5
159 293 0.5
163 236 0.5
163 254 0.5
163 296 0.5
164 169 0.5
164 291 0.5
164 377 0.5
168 237 0.5
169 186 0.5
173 288 0.5
175 191 0.5
176 238 0.5
178 274 0.5
178 360 0.5
178 393 0.5
180 216 0.5
183 308 0.5
183 326 0.5
183 383 0.5
184 239 0.5
185 215 0.5
185 273 0.5
186 389 0.5
188 210 0.5
190 281 0.5
191 200 0.5
192 244 0.5
192 299 0.5
192 373 0.5
194 294 0.5
194 311 0.5
195 251 0.5
199 205 0.5
200 231 0.5
202 231 0.5
203 240 0.5
203 302 0.5
204 345 0.5
205 343 0.5
206 243 0.5
206 336 0.5
206 383 0.5
208 362 0.5
209 339 0.5
214 265 0.5
214 266 0.5
214 374 0.5
214 394 0.5
215 269 0.5
215 313 0.5
216 300 0.5
217 322 0.5
222 268 0.5
222 357 0.5
227 233 0.5
227 314 0.5
229 309 0.5
229 345 0.5
230 268 0.5
231 330 0.5
232 256 0.5
236 244 0.5
236 289 0.5
237 398 0.5
238 326 0.5
238 331 0.5
241 370 0.5
246 255 0.5
255 380 0.5
256 337 0.5
258 376 0.5
269 325 0.5
269 327 0.5
269 358 0.5
271 385 0.5
272 310 0.5
283 305 0.5
287 319 0.5
288 371 0.5
292 365 0.5
295 358 0.5
299 344 0.5
299 371 0.5
304 306 0.5
304 369 0.5
306 349 0.5
313 335 0.5
318 330 0.5
319 391 0.5
323 365 0.5
325 340 0.5
325 373 0.5
326 361 0.5
329 392 0.5
335 378 0.5
344 388 0.5
353 386 0.5
357 376 0.5
358 367 0.5
368 399 0.5
381 387 0.5
386 395 0.5
