0 2 0.5
0 6 0.5
0 12 0.5
0 14 0.5
0 17 0.5
0 18 0.5
0 20 0.5
0 21 0.5
0 22 0.5
0 23 0.5
0 24 0.5
0 27 0.5
0 37 0.5
0 44 0.5
0 45 0.5
0 65 0.5
0 92 0.5
0 113 0.5
0 127 0.5
0 141 0.5
0 155 0.5
0 166 0.5
0 175 0.5
0 193 0.5
0 198 0.5
0 203 0.5
0 224 0.5
0 250 0.5
0 281 0.5
0 286 0.5
0 412 0.5
0 415 0.5
0 425 0.5
0 518 0.5
0 560 0.5
0 574 0.5
1 2 0.5
1 3 0.5
1 4 0.5
1 5 0.5
1 6 0.5
1 7 0.5
1 8 0.5
1 10 0.5
1 12 0.5
1 13 0.5
1 19 0.5
1 21 0.5
1 22 0.5
1 25 0.5
1 26 0.5
1 28 0.5
1 32 0.5
1 33 0.5
1 41 0.5
1 45 0.5
1 48 0.5
1 50 0.5
1 51 0.5
1 63 0.5
1 68 0.5
1 81 0.5
1 88 0.5
1 89 0.5
1 91 0.5
1 92 0.5
1 101 0.5
1 105 0.5
1 108 0.5
1 112 0.5
1 118 0.5
1 119 0.5
1 124 0.5
1 127 0.5
1 131 0.5
1 134 0.5
1 169 0.5
1 171 0.5
1 175 0.5
1 176 0.5
1 180 0.5
1 182 0.5
1 199 0.5
1 209 0.5
1 211 0.5
1 216 0.5
1 220 0.5
1 233 0.5
1 234 0.5
1 235 0.5
1 240 0.5
1 280 0.5
1 292 0.5
1 326 0.5
1 334 0.5
1 335 0.5
1 345 0.5
1 356 0.5
1 361 0.5
1 363 0.5
1 367 0.5
1 375 0.5
1 384 0.5
1 389 0.5
1 440 0.5
1 449 0.5
1 490 0.5
1 546 0.5
1 573 0.5
1 584 0.5
1 588 0.5
1 590 0.5
1 593 0.5
1 595 0.5
2 3 0.5
2 4 0.5
2 7 0.5
2 9 0.5
2 11 0.5
2 16 0.5
2 20 0.5
2 26 0.5
2 29 0.5
2 40 0.5
2 46 0.5
2 54 0.5
2 61 0.5
2 62 0.5
2 97 0.5
2 120 0.5
2 125 0.5
2 153 0.5
2 164 0.5
2 167 0.5
2 170 0.5
2 238 0.5
2 271 0.5
2 283 0.5
2 285 0.5
2 313 0.5
2 438 0.5
2 455 0.5
2 498 0.5
2 540 0.5
3 5 0.5
3 9 0.5
3 10 0.5
3 14 0.5
3 15 0.5
3 16 0.5
3 19 0.5
3 28 0.5
3 31 0.5
3 38 0.5
3 39 0.5
3 43 0.5
3 44 0.5
3 48 0.5
3 52 0.5
3 55 0.5
3 56 0.5
3 71 0.5
3 80 0.5
3 85 0.5
3 93 0.5
3 104 0.5
3 105 0.5
3 119 0.5
3 130 0.5
3 152 0.5
3 156 0.5
3 158 0.5
3 185 0.5
3 200 0.5
3 214 0.5
3 216 0.5
3 217 0.5
3 230 0.5
3 245 0.5
3 253 0.5
3 264 0.5
3 274 0.5
3 289 0.5
3 290 0.5
3 296 0.5
3 300 0.5
3 341 0.5
3 373 0.5
3 416 0.5
3 435 0.5
3 461 0.5
3 464 0.5
3 481 0.5
3 493 0.5
3 517 0.5
3 570 0.5
3 576 0.5
3 586 0.5
4 11 0.5
4 32 0.5
4 33 0.5
4 41 0.5
4 63 0.5
4 73 0.5
4 94 0.5
4 116 0.5
4 125 0.5
4 135 0.5
4 138 0.5
4 141 0.5
4 197 0.5
4 237 0.5
4 274 0.5
4 283 0.5
4 307 0.5
4 309 0.5
4 311 0.5
4 317 0.5
4 321 0.5
4 335 0.5
4 391 0.5
4 458 0.5
4 473 0.5
4 596 0.5
5 8 0.5
5 29 0.5
5 35 0.5
5 49 0.5
5 56 0.5
5 104 0.5
5 106 0.5
5 134 0.5
5 137 0.5
5 226 0.5
5 382 0.5
5 410 0.5
5 489 0.5
5 503 0.5
5 517 0.5
5 553 0.5
5 565 0.5
5 598 0.5
6 196 0.5
6 273 0.5
6 329 0.5
6 436 0.5
6 548 0.5
7 17 0.5
7 51 0.5
7 423 0.5
7 561 0.5
8 89 0.5
9 30 0.5
9 40 0.5
9 80 0.5
9 99 0.5
9 100 0.5
9 102 0.5
9 136 0.5
9 148 0.5
9 187 0.5
9 200 0.5
9 215 0.5
9 319 0.5
9 337 0.5
9 453 0.5
9 486 0.5
9 578 0.5
10 13 0.5
10 15 0.5
10 18 0.5
10 58 0.5
10 70 0.5
10 101 0.5
10 123 0.5
10 133 0.5
10 159 0.5
10 189 0.5
10 222 0.5
10 249 0.5
10 288 0.5
10 343 0.5
10 378 0.5
10 422 0.5
10 436 0.5
10 438 0.5
10 526 0.5
10 527 0.5
10 545 0.5
11 23 0.5
11 42 0.5
11 150 0.5
11 338 0.5
11 374 0.5
11 395 0.5
12 53 0.5
12 161 0.5
12 176 0.5
12 179 0.5
12 197 0.5
12 364 0.5
12 442 0.5
12 476 0.5
12 519 0.5
13 61 0.5
13 66 0.5
13 72 0.5
13 79 0.5
13 90 0.5
13 94 0.5
13 177 0.5
13 184 0.5
13 201 0.5
13 232 0.5
13 255 0.5
13 299 0.5
13 304 0.5
13 376 0.5
13 389 0.5
13 398 0.5
13 464 0.5
13 508 0.5
13 540 0.5
13 568 0.5
14 30 0.5
14 97 0.5
14 111 0.5
14 126 0.5
14 183 0.5
14 244 0.5
14 277 0.5
14 362 0.5
14 368 0.5
14 441 0.5
14 538 0.5
14 548 0.5
14 549 0.5
14 557 0.5
15 147 0.5
15 294 0.5
15 429 0.5
15 448 0.5
16 27 0.5
16 57 0.5
16 59 0.5
16 74 0.5
16 81 0.5
16 83 0.5
16 144 0.5
16 151 0.5
16 168 0.5
16 186 0.5
16 192 0.5
16 270 0.5
16 351 0.5
16 353 0.5
16 414 0.5
16 421 0.5
16 469 0.5
16 524 0.5
16 586 0.5
17 155 0.5
17 256 0.5
17 269 0.5
18 35 0.5
18 55 0.5
18 161 0.5
18 249 0.5
18 251 0.5
18 340 0.5
18 465 0.5
19 64 0.5
19 173 0.5
20 24 0.5
20 47 0.5
20 50 0.5
20 62 0.5
20 76 0.5
20 86 0.5
20 163 0.5
20 242 0.5
20 248 0.5
20 263 0.5
20 312 0.5
20 323 0.5
20 338 0.5
20 373 0.5
20 427 0.5
20 478 0.5
20 555 0.5
21 322 0.5
21 460 0.5
22 34 0.5
22 47 0.5
22 60 0.5
22 65 0.5
22 78 0.5
22 93 0.5
22 129 0.5
22 160 0.5
22 184 0.5
22 190 0.5
22 223 0.5
22 242 0.5
22 248 0.5
22 253 0.5
22 337 0.5
22 370 0.5
22 386 0.5
22 417 0.5
22 420 0.5
22 491 0.5
22 542 0.5
22 592 0.5
23 36 0.5
23 126 0.5
23 180 0.5
23 194 0.5
23 308 0.5
23 516 0.5
24 25 0.5
24 38 0.5
24 43 0.5
24 46 0.5
24 163 0.5
24 232 0.5
24 302 0.5
24 330 0.5
24 331 0.5
24 362 0.5
24 381 0.5
24 384 0.5
24 419 0.5
24 445 0.5
24 505 0.5
24 555 0.5
24 571 0.5
25 42 0.5
25 67 0.5
25 151 0.5
25 241 0.5
25 292 0.5
25 372 0.5
25 447 0.5
25 510 0.5
25 537 0.5
26 31 0.5
26 34 0.5
26 37 0.5
26 79 0.5
26 99 0.5
26 234 0.5
26 431 0.5
26 597 0.5
27 157 0.5
27 458 0.5
27 532 0.5
28 78 0.5
28 211 0.5
28 260 0.5
28 535 0.5
29 201 0.5
29 210 0.5
29 219 0.5
30 244 0.5
30 322 0.5
31 70 0.5
31 269 0.5
31 346 0.5
32 39 0.5
32 64 0.5
32 75 0.5
32 82 0.5
32 88 0.5
32 102 0.5
32 130 0.5
32 146 0.5
32 162 0.5
32 182 0.5
32 229 0.5
32 276 0.5
32 310 0.5
32 367 0.5
32 408 0.5
32 421 0.5
32 463 0.5
32 491 0.5
32 504 0.5
32 530 0.5
33 121 0.5
33 256 0.5
34 36 0.5
35 69 0.5
35 222 0.5
36 75 0.5
36 185 0.5
36 281 0.5
36 328 0.5
36 339 0.5
36 342 0.5
36 347 0.5
36 406 0.5
37 72 0.5
37 77 0.5
37 145 0.5
37 149 0.5
37 199 0.5
37 591 0.5
38 49 0.5
38 123 0.5
38 178 0.5
38 202 0.5
38 240 0.5
38 255 0.5
39 128 0.5
39 136 0.5
39 142 0.5
39 159 0.5
39 174 0.5
39 265 0.5
39 285 0.5
39 298 0.5
39 355 0.5
39 388 0.5
39 410 0.5
39 411 0.5
39 426 0.5
39 482 0.5
39 592 0.5
40 54 0.5
40 60 0.5
40 98 0.5
40 115 0.5
40 145 0.5
40 266 0.5
40 315 0.5
40 502 0.5
41 83 0.5
41 302 0.5
41 314 0.5
41 332 0.5
41 566 0.5
42 67 0.5
42 96 0.5
42 154 0.5
42 291 0.5
42 385 0.5
43 53 0.5
43 69 0.5
43 77 0.5
43 85 0.5
43 110 0.5
43 146 0.5
43 195 0.5
43 314 0.5
43 320 0.5
43 347 0.5
43 383 0.5
43 392 0.5
43 431 0.5
43 572 0.5
44 193 0.5
44 228 0.5
44 246 0.5
44 425 0.5
44 499 0.5
44 580 0.5
45 282 0.5
45 509 0.5
45 583 0.5
47 66 0.5
47 204 0.5
47 344 0.5
47 346 0.5
48 52 0.5
48 73 0.5
48 74 0.5
48 84 0.5
48 96 0.5
48 158 0.5
48 181 0.5
48 265 0.5
48 273 0.5
48 282 0.5
48 474 0.5
50 288 0.5
50 352 0.5
50 402 0.5
50 446 0.5
50 454 0.5
50 490 0.5
51 58 0.5
51 68 0.5
51 115 0.5
51 122 0.5
51 147 0.5
51 238 0.5
51 252 0.5
52 57 0.5
52 59 0.5
52 107 0.5
52 407 0.5
52 429 0.5
52 495 0.5
53 95 0.5
54 82 0.5
54 112 0.5
54 143 0.5
54 218 0.5
54 340 0.5
54 353 0.5
54 357 0.5
54 368 0.5
54 371 0.5
54 435 0.5
54 482 0.5
54 527 0.5
54 538 0.5
54 563 0.5
55 137 0.5
55 192 0.5
55 245 0.5
55 448 0.5
57 318 0.5
58 103 0.5
58 113 0.5
58 387 0.5
58 459 0.5
59 109 0.5
59 225 0.5
59 254 0.5
59 445 0.5
59 569 0.5
60 110 0.5
60 111 0.5
60 120 0.5
60 294 0.5
60 390 0.5
60 403 0.5
61 343 0.5
61 359 0.5
61 531 0.5
62 76 0.5
62 117 0.5
62 139 0.5
62 236 0.5
62 391 0.5
62 394 0.5
62 423 0.5
63 87 0.5
63 107 0.5
63 173 0.5
63 390 0.5
63 407 0.5
64 71 0.5
64 220 0.5
64 584 0.5
65 129 0.5
65 363 0.5
66 86 0.5
66 118 0.5
66 290 0.5
66 304 0.5
66 366 0.5
66 439 0.5
66 450 0.5
67 98 0.5
67 208 0.5
67 280 0.5
67 341 0.5
67 350 0.5
67 493 0.5
67 511 0.5
68 84 0.5
68 460 0.5
69 121 0.5
69 122 0.5
69 162 0.5
69 231 0.5
69 379 0.5
69 440 0.5
69 509 0.5
69 515 0.5
70 87 0.5
70 365 0.5
71 178 0.5
71 303 0.5
72 90 0.5
72 212 0.5
72 369 0.5
73 143 0.5
73 208 0.5
73 474 0.5
74 108 0.5
74 114 0.5
74 206 0.5
74 351 0.5
74 377 0.5
75 91 0.5
75 114 0.5
75 148 0.5
75 172 0.5
75 181 0.5
75 409 0.5
75 520 0.5
75 582 0.5
76 515 0.5
77 293 0.5
77 300 0.5
78 228 0.5
78 339 0.5
79 221 0.5
79 284 0.5
79 564 0.5
80 401 0.5
80 437 0.5
81 154 0.5
82 132 0.5
82 179 0.5
82 312 0.5
82 456 0.5
83 399 0.5
84 131 0.5
84 139 0.5
84 205 0.5
84 214 0.5
84 375 0.5
84 452 0.5
85 554 0.5
86 109 0.5
86 138 0.5
86 150 0.5
86 157 0.5
86 164 0.5
86 174 0.5
86 187 0.5
86 191 0.5
86 286 0.5
86 348 0.5
86 397 0.5
86 422 0.5
86 443 0.5
86 449 0.5
86 523 0.5
86 579 0.5
87 194 0.5
87 259 0.5
87 261 0.5
88 594 0.5
89 177 0.5
90 95 0.5
90 229 0.5
90 267 0.5
90 279 0.5
90 544 0.5
91 149 0.5
91 205 0.5
91 442 0.5
92 116 0.5
92 331 0.5
93 106 0.5
93 170 0.5
93 233 0.5
93 441 0.5
94 237 0.5
94 262 0.5
95 100 0.5
96 166 0.5
96 385 0.5
96 451 0.5
98 103 0.5
98 169 0.5
98 195 0.5
98 415 0.5
99 284 0.5
99 480 0.5
100 210 0.5
100 430 0.5
101 529 0.5
102 152 0.5
102 188 0.5
102 243 0.5
102 479 0.5
103 117 0.5
106 213 0.5
106 528 0.5
107 135 0.5
107 262 0.5
107 397 0.5
107 522 0.5
107 524 0.5
108 156 0.5
108 257 0.5
108 259 0.5
108 278 0.5
108 325 0.5
108 461 0.5
108 504 0.5
108 531 0.5
109 506 0.5
110 133 0.5
111 144 0.5
111 186 0.5
111 204 0.5
112 124 0.5
112 198 0.5
112 227 0.5
112 348 0.5
112 349 0.5
112 369 0.5
112 501 0.5
112 595 0.5
113 172 0.5
113 190 0.5
113 303 0.5
113 324 0.5
113 380 0.5
113 507 0.5
113 551 0.5
114 333 0.5
114 499 0.5
114 507 0.5
115 235 0.5
115 266 0.5
115 305 0.5
115 377 0.5
116 132 0.5
116 293 0.5
116 489 0.5
118 481 0.5
119 275 0.5
119 356 0.5
119 465 0.5
119 543 0.5
119 568 0.5
120 128 0.5
120 477 0.5
120 479 0.5
120 488 0.5
121 297 0.5
121 404 0.5
123 140 0.5
123 506 0.5
125 396 0.5
125 596 0.5
126 160 0.5
127 330 0.5
128 142 0.5
128 153 0.5
128 227 0.5
128 239 0.5
128 298 0.5
128 400 0.5
128 528 0.5
129 207 0.5
129 221 0.5
129 498 0.5
129 559 0.5
130 414 0.5
131 378 0.5
131 487 0.5
133 140 0.5
133 333 0.5
134 224 0.5
134 427 0.5
134 496 0.5
135 168 0.5
135 189 0.5
135 230 0.5
135 287 0.5
135 417 0.5
135 570 0.5
137 598 0.5
138 400 0.5
142 371 0.5
142 487 0.5
144 212 0.5
144 295 0.5
144 306 0.5
144 587 0.5
145 355 0.5
145 523 0.5
145 551 0.5
148 574 0.5
149 277 0.5
151 183 0.5
151 327 0.5
151 381 0.5
151 556 0.5
152 424 0.5
153 352 0.5
153 428 0.5
153 537 0.5
155 207 0.5
156 215 0.5
156 257 0.5
156 263 0.5
156 477 0.5
156 511 0.5
157 470 0.5
159 401 0.5
159 472 0.5
161 171 0.5
161 218 0.5
161 258 0.5
161 279 0.5
161 473 0.5
161 553 0.5
162 165 0.5
162 589 0.5
163 374 0.5
164 165 0.5
164 167 0.5
164 188 0.5
164 275 0.5
164 276 0.5
164 404 0.5
164 432 0.5
164 444 0.5
164 496 0.5
164 512 0.5
165 217 0.5
165 467 0.5
165 468 0.5
169 209 0.5
170 206 0.5
170 270 0.5
171 405 0.5
172 196 0.5
172 250 0.5
172 268 0.5
172 317 0.5
172 451 0.5
172 471 0.5
174 291 0.5
176 278 0.5
176 296 0.5
176 358 0.5
177 485 0.5
180 203 0.5
181 467 0.5
181 585 0.5
182 359 0.5
182 503 0.5
184 321 0.5
185 191 0.5
186 231 0.5
186 599 0.5
188 327 0.5
192 388 0.5
192 480 0.5
192 526 0.5
192 534 0.5
193 271 0.5
193 395 0.5
193 457 0.5
195 366 0.5
196 226 0.5
196 247 0.5
197 246 0.5
197 462 0.5
198 258 0.5
199 213 0.5
199 344 0.5
200 202 0.5
200 268 0.5
200 297 0.5
200 443 0.5
200 478 0.5
200 559 0.5
201 521 0.5
202 418 0.5
202 591 0.5
204 403 0.5
205 247 0.5
205 251 0.5
205 252 0.5
205 267 0.5
205 295 0.5
205 316 0.5
205 325 0.5
205 382 0.5
205 393 0.5
205 544 0.5
208 243 0.5
208 350 0.5
208 408 0.5
210 225 0.5
210 311 0.5
210 329 0.5
210 386 0.5
211 260 0.5
211 488 0.5
211 534 0.5
212 219 0.5
212 264 0.5
213 223 0.5
217 309 0.5
221 272 0.5
223 416 0.5
223 567 0.5
226 376 0.5
227 354 0.5
227 543 0.5
228 394 0.5
228 505 0.5
229 236 0.5
229 439 0.5
229 539 0.5
231 557 0.5
232 398 0.5
234 299 0.5
234 459 0.5
235 241 0.5
237 306 0.5
237 364 0.5
237 562 0.5
237 580 0.5
238 239 0.5
238 379 0.5
240 261 0.5
240 433 0.5
241 475 0.5
242 336 0.5
243 462 0.5
245 254 0.5
245 597 0.5
246 454 0.5
247 424 0.5
250 308 0.5
251 315 0.5
251 324 0.5
252 316 0.5
252 587 0.5
254 319 0.5
254 585 0.5
257 272 0.5
257 513 0.5
257 530 0.5
257 588 0.5
258 307 0.5
258 360 0.5
258 582 0.5
259 501 0.5
260 428 0.5
262 360 0.5
264 313 0.5
264 370 0.5
266 365 0.5
267 287 0.5
267 512 0.5
268 471 0.5
269 336 0.5
270 301 0.5
270 361 0.5
270 413 0.5
270 513 0.5
270 533 0.5
272 318 0.5
274 434 0.5
274 470 0.5
277 289 0.5
278 594 0.5
279 310 0.5
279 577 0.5
281 320 0.5
281 457 0.5
282 516 0.5
282 521 0.5
282 533 0.5
284 357 0.5
287 301 0.5
287 332 0.5
287 581 0.5
288 305 0.5
288 354 0.5
288 508 0.5
291 326 0.5
291 483 0.5
291 561 0.5
292 447 0.5
293 342 0.5
295 383 0.5
295 468 0.5
295 476 0.5
295 484 0.5
296 572 0.5
302 514 0.5
303 349 0.5
304 380 0.5
305 372 0.5
305 558 0.5
305 579 0.5
306 358 0.5
306 495 0.5
306 525 0.5
308 345 0.5
308 418 0.5
308 554 0.5
309 466 0.5
309 581 0.5
312 323 0.5
315 450 0.5
315 560 0.5
321 328 0.5
321 334 0.5
329 405 0.5
329 456 0.5
330 434 0.5
333 562 0.5
336 412 0.5
336 569 0.5
338 494 0.5
339 420 0.5
343 519 0.5
345 399 0.5
345 552 0.5
346 452 0.5
346 472 0.5
348 392 0.5
349 539 0.5
351 525 0.5
352 402 0.5
352 545 0.5
353 532 0.5
358 497 0.5
359 430 0.5
360 433 0.5
364 409 0.5
366 396 0.5
366 466 0.5
366 483 0.5
367 393 0.5
367 492 0.5
371 455 0.5
372 444 0.5
373 529 0.5
381 599 0.5
382 406 0.5
382 411 0.5
383 387 0.5
383 549 0.5
384 419 0.5
389 546 0.5
393 510 0.5
395 556 0.5
397 426 0.5
397 446 0.5
397 522 0.5
401 437 0.5
401 500 0.5
407 518 0.5
410 413 0.5
410 485 0.5
410 494 0.5
410 567 0.5
410 576 0.5
413 583 0.5
416 484 0.5
420 463 0.5
421 547 0.5
427 541 0.5
427 571 0.5
431 432 0.5
435 565 0.5
443 453 0.5
443 492 0.5
443 542 0.5
447 469 0.5
447 475 0.5
447 536 0.5
450 578 0.5
454 550 0.5
460 500 0.5
466 520 0.5
472 547 0.5
474 575 0.5
477 486 0.5
478 497 0.5
483 573 0.5
491 502 0.5
492 541 0.5
495 514 0.5
496 536 0.5
496 550 0.5
506 558 0.5
508 564 0.5
515 535 0.5
522 566 0.5
524 577 0.5
536 593 0.5
538 563 0.5
538 589 0.5
542 575 0.5
544 552 0.5
546 590 0.5
